#E-kQKP Instance:10

190 #n: number of items

#Profits:
22	
59	36	
45	30	31	
51	37	51	54	
37	20	31	22	41	
58	3	27	45	12	31	
40	3	13	37	52	2	16	
31	28	21	21	40	43	32	44	
24	17	57	1	44	28	12	31	35	
8	8	25	51	41	28	49	29	2	32	
37	29	18	34	31	27	51	22	5	25	10	
2	36	52	3	52	27	27	45	34	7	55	12	
20	14	23	29	21	47	50	18	9	56	10	37	6	
47	33	25	5	34	58	55	37	29	30	12	43	49	42	
58	36	14	42	25	58	51	59	23	7	40	12	1	54	14	
5	35	46	53	18	19	20	20	41	37	11	28	44	29	47	53	
34	38	57	17	45	55	31	14	3	4	40	44	40	60	29	54	22	
6	46	3	4	46	52	28	51	32	49	40	9	37	10	35	22	2	54	
40	45	29	14	23	46	48	29	29	7	23	21	7	50	30	56	24	41	55	
42	7	34	3	32	55	47	13	43	44	33	19	21	14	23	28	58	26	21	3	
43	56	57	53	43	13	39	6	60	31	40	23	25	52	57	51	1	58	50	11	13	
18	42	56	58	22	10	31	47	23	57	41	48	4	13	39	41	42	49	60	26	10	51	
41	39	3	55	11	26	39	21	30	30	17	47	13	31	36	38	27	25	3	43	39	14	26	
9	30	46	20	54	60	57	9	15	8	29	36	47	3	24	8	59	34	7	24	29	49	56	45	
44	57	8	5	58	58	41	20	43	26	21	13	28	29	12	21	7	54	32	3	16	20	37	20	6	
12	38	41	56	47	50	59	5	59	24	19	33	54	3	26	31	48	60	15	22	60	50	22	36	19	33	
60	4	20	1	25	58	24	28	47	29	16	22	44	23	48	8	37	39	17	38	12	19	12	41	13	9	48	
22	26	18	25	44	44	22	48	13	40	26	1	51	12	7	59	6	16	2	36	15	44	9	36	4	25	27	21	
45	50	9	30	34	40	53	34	22	13	18	40	40	31	1	44	10	24	22	29	53	47	8	41	18	17	19	46	43	
57	31	49	21	56	22	35	56	30	44	25	30	51	24	4	41	10	13	38	6	51	32	11	12	46	25	8	45	58	15	
13	10	31	7	22	21	48	45	41	39	24	10	44	10	37	35	40	33	39	4	34	32	37	37	27	39	50	30	20	44	37	
3	1	29	17	48	45	25	22	44	38	38	12	35	21	4	25	35	35	46	13	58	52	13	55	57	5	26	27	38	50	48	22	
23	12	39	35	15	5	57	53	37	60	19	4	20	25	53	40	49	44	5	34	19	22	36	30	50	33	56	41	54	20	48	5	23	
42	5	25	42	60	27	27	30	7	49	9	18	15	40	48	34	40	31	38	47	40	54	32	59	44	18	41	9	7	47	16	54	45	26	
2	38	18	54	29	13	43	2	28	33	58	2	23	28	1	9	37	12	21	17	17	60	60	24	14	33	45	16	56	42	3	36	32	1	50	
58	59	22	54	57	27	50	31	26	50	14	42	28	52	39	2	40	14	47	50	21	56	6	16	30	56	16	19	31	5	49	26	25	12	19	35	
21	1	36	32	39	25	22	1	40	47	35	56	6	31	56	29	47	7	10	24	43	40	55	29	51	49	3	48	13	36	28	39	37	20	58	3	41	
2	30	39	21	32	8	21	54	14	23	26	5	23	15	33	43	24	17	42	36	18	34	54	31	15	14	55	26	17	5	56	34	50	5	59	53	42	2	
24	40	18	58	44	30	56	12	6	27	60	11	58	15	57	22	34	26	37	13	50	40	15	37	52	53	8	22	53	42	42	32	30	46	47	7	48	1	16	
25	11	49	57	43	5	56	54	52	14	4	46	13	53	31	7	25	41	55	11	35	8	4	9	16	29	14	36	47	30	16	18	15	6	25	1	25	57	23	34	
44	9	46	41	12	21	38	29	32	15	25	11	16	1	20	24	59	18	12	8	29	60	22	7	36	4	52	58	7	17	14	11	6	60	10	13	52	9	48	26	10	
17	5	41	12	56	41	35	19	52	27	42	49	3	23	37	48	12	2	51	47	23	52	23	32	30	3	30	46	10	54	27	7	54	24	10	23	44	6	46	52	11	8	
51	31	5	16	56	51	58	16	51	35	12	1	7	47	55	28	49	30	30	29	58	59	36	55	10	54	51	27	4	60	12	53	39	45	41	5	6	47	13	47	6	42	12	
44	37	45	10	23	56	19	31	22	52	10	12	8	53	16	16	34	40	47	13	3	57	48	7	59	21	33	32	41	29	59	38	4	49	9	25	37	7	3	58	51	22	48	45	
42	55	54	11	37	48	46	34	5	43	27	34	22	2	27	42	57	47	26	46	60	52	38	50	55	54	44	48	33	9	59	38	13	23	40	13	45	36	33	25	19	45	5	10	30	
26	27	9	46	21	15	46	25	6	29	20	55	13	4	32	24	1	50	47	22	7	15	36	44	36	48	31	56	39	28	51	55	1	38	21	43	19	37	28	8	15	51	23	8	31	30	
25	39	17	50	37	7	42	17	15	1	42	46	12	23	43	10	9	21	41	38	36	51	38	53	58	52	29	20	3	54	42	22	37	60	40	52	41	14	54	50	16	49	28	60	35	16	19	
1	24	39	55	35	26	34	19	44	48	25	44	23	33	30	6	8	40	27	49	3	47	28	10	15	53	60	46	4	44	32	37	18	36	54	52	48	6	12	47	46	14	3	41	47	21	4	3	
20	5	57	24	40	38	28	2	45	4	56	45	12	10	60	58	38	34	36	42	33	18	38	32	57	47	10	57	56	29	10	32	51	29	19	6	55	37	54	3	44	36	55	59	17	27	42	10	2	
26	42	59	26	29	47	55	44	43	52	24	8	25	7	18	1	22	8	29	5	47	5	45	31	42	49	12	49	28	18	39	38	46	35	9	1	20	42	38	9	21	39	21	43	4	3	50	7	39	18	
21	28	39	38	25	51	35	59	9	49	23	17	40	11	5	5	43	12	8	14	26	6	24	13	50	59	23	5	42	34	6	43	1	19	55	51	38	38	16	29	48	33	58	17	58	42	31	31	49	38	39	
60	57	2	8	20	43	43	45	59	6	48	20	50	14	13	17	57	4	14	24	10	13	29	35	50	9	57	54	28	4	34	5	16	40	34	5	58	44	18	4	28	51	49	16	31	31	56	8	59	23	29	43	
12	6	34	60	56	43	54	47	58	21	59	7	20	4	35	52	38	25	6	29	26	29	35	27	29	5	8	42	56	48	30	50	57	26	11	55	39	49	15	1	17	43	40	17	4	10	33	22	44	19	23	17	55	
32	31	29	28	57	57	47	50	4	19	18	42	29	21	27	19	49	17	46	47	34	37	13	47	44	8	40	30	7	33	20	43	22	47	3	8	29	7	6	15	4	57	43	49	30	28	7	38	19	57	29	18	38	16	
7	1	36	51	43	5	34	25	32	56	57	27	42	5	60	1	44	53	50	10	58	39	30	12	10	4	60	23	35	55	6	37	1	47	60	37	31	32	52	44	31	5	50	57	9	5	30	3	44	37	45	57	12	36	8	
11	18	44	8	5	47	4	8	4	18	53	43	57	33	1	54	42	19	57	41	53	21	52	30	23	24	54	43	18	17	29	44	47	35	51	23	10	41	45	38	49	13	14	25	57	22	15	17	32	59	28	49	4	26	37	37	
33	29	14	42	49	3	50	13	13	10	30	39	23	27	29	53	7	47	51	38	14	48	15	43	39	11	11	43	37	13	16	56	3	33	56	8	57	4	14	17	60	18	1	30	33	34	21	31	58	13	12	49	48	51	18	52	35	
35	40	53	10	5	33	50	33	37	38	24	13	50	25	18	29	9	33	1	59	39	49	39	48	26	7	25	7	24	21	53	26	19	19	41	42	55	43	42	42	19	59	38	60	56	19	19	31	12	41	54	18	33	44	9	28	60	9	
47	14	7	5	53	33	22	1	55	12	55	41	39	33	47	15	18	38	12	9	58	47	30	22	59	12	3	34	59	21	27	10	2	54	16	17	22	2	50	44	57	56	12	23	46	42	18	2	23	37	1	30	42	31	6	25	15	24	8	
11	51	44	57	35	57	28	54	33	18	3	25	28	22	27	17	45	22	14	21	43	35	60	15	49	16	25	10	44	52	22	41	18	1	39	58	36	54	59	56	37	22	56	45	4	51	34	40	58	56	40	19	30	3	4	42	8	28	14	23	
31	34	30	36	21	31	6	45	38	4	35	14	43	35	11	29	57	6	23	3	45	8	8	52	52	26	27	28	27	43	22	60	56	21	41	3	15	58	46	41	14	56	45	15	6	37	9	45	56	48	5	47	52	18	12	53	41	25	1	6	39	
48	24	44	41	8	3	57	15	4	23	29	14	18	3	19	17	19	58	59	10	49	53	56	11	10	60	2	13	15	53	12	7	54	12	19	44	24	50	21	11	36	37	35	12	14	34	4	26	9	10	16	7	53	41	22	18	18	3	6	46	3	58	
22	59	16	42	26	54	11	12	32	60	5	28	45	1	27	55	2	33	13	13	23	21	34	29	6	31	49	41	53	42	34	20	48	60	14	58	20	18	55	36	3	48	6	29	14	55	6	53	57	12	16	2	35	3	9	14	55	46	54	3	52	46	44	
55	19	28	8	46	25	46	46	19	39	48	22	39	60	56	25	26	19	27	22	45	54	23	25	42	4	54	55	33	27	53	8	39	7	38	49	58	32	59	42	45	44	29	9	43	7	13	45	28	57	2	56	36	36	13	57	22	8	23	23	46	13	23	17	
26	30	7	11	34	14	60	59	60	44	43	34	8	58	35	16	20	43	51	21	13	3	38	24	52	50	50	58	38	50	4	60	25	8	31	16	37	20	37	37	40	6	41	48	10	5	27	20	21	3	26	51	34	43	41	10	2	14	32	49	26	55	12	36	19	
47	29	28	8	28	6	46	8	52	20	26	18	50	10	48	30	47	59	8	1	22	13	25	13	31	26	27	21	8	42	30	42	59	22	9	52	26	38	4	46	45	52	18	6	8	47	7	1	55	14	7	37	52	58	54	46	16	39	50	52	58	8	28	4	43	42	
18	50	5	23	51	17	18	29	19	28	39	49	38	21	21	8	51	30	49	46	34	22	35	59	16	50	59	51	18	17	19	27	2	33	18	13	12	15	41	56	18	59	4	50	16	26	5	27	45	19	50	49	20	59	22	19	24	8	48	60	25	17	7	2	29	24	51	
20	16	44	31	60	27	20	40	55	25	31	8	19	29	56	29	16	6	11	45	6	23	18	24	49	49	8	3	4	41	56	35	23	43	38	8	25	12	27	46	15	57	60	24	19	22	47	39	25	8	2	55	14	47	18	35	24	32	56	40	51	4	4	58	55	12	37	47	
26	45	39	42	21	43	50	60	41	49	24	1	4	29	20	60	9	14	42	55	51	41	3	37	50	22	8	42	4	25	28	59	53	30	14	48	16	45	20	60	40	50	58	12	15	23	48	49	11	41	39	45	43	39	40	42	10	38	46	51	1	26	51	52	20	19	35	47	38	
59	9	21	37	26	32	35	55	15	4	49	45	29	50	4	56	24	5	47	25	43	59	54	32	11	59	33	47	14	53	10	57	45	29	23	11	34	36	1	50	59	39	34	26	41	58	60	25	58	27	11	58	59	48	51	46	11	52	27	11	6	34	40	56	51	44	56	46	3	38	
53	20	13	9	26	2	28	43	12	38	43	55	3	55	22	11	32	59	12	15	13	8	19	30	19	60	27	45	19	42	15	52	2	35	58	35	1	50	3	14	29	36	54	37	56	48	33	45	26	52	36	5	25	11	13	34	38	45	12	19	34	50	9	42	42	31	29	33	27	19	1	
19	15	9	46	47	17	6	3	6	42	52	55	44	1	49	35	6	20	6	59	30	15	25	45	9	55	20	55	53	53	4	29	28	45	16	5	31	23	11	37	19	57	41	20	16	58	58	46	12	37	25	31	13	48	31	16	28	14	49	38	7	37	54	49	40	60	31	46	60	31	29	37	
36	57	7	58	33	2	20	56	43	35	33	6	14	9	55	47	48	43	8	53	3	42	23	34	51	25	3	12	10	2	36	3	7	55	60	45	10	14	31	21	39	29	36	9	18	23	26	58	1	28	56	56	10	25	30	12	33	18	41	16	15	58	19	26	30	15	48	38	50	19	46	3	50	
31	57	2	56	25	26	1	45	26	11	33	20	4	20	60	53	53	55	11	24	7	46	15	55	19	17	20	10	30	57	41	9	51	6	37	50	3	38	17	9	44	31	28	13	10	37	9	54	53	45	17	21	49	7	10	29	45	54	33	3	21	7	49	45	31	45	9	18	2	44	38	58	2	25	
33	43	46	3	21	15	24	28	59	36	3	8	29	42	29	18	35	1	37	16	47	53	60	43	58	43	60	11	25	42	7	15	53	35	38	37	32	36	60	49	22	1	22	1	4	35	54	43	48	7	33	19	15	17	51	12	34	54	39	48	14	25	48	45	48	27	42	33	38	19	14	7	7	19	30	
8	2	8	1	45	50	18	29	33	2	21	57	22	48	51	19	54	23	14	56	13	26	55	25	54	19	36	28	58	32	54	22	51	49	19	39	46	59	38	59	54	3	6	17	19	1	59	43	8	14	21	51	21	54	15	48	1	23	41	18	13	12	34	2	23	14	59	3	60	31	2	4	15	38	52	47	
50	8	5	11	45	35	18	46	60	5	35	27	19	15	14	25	52	44	42	24	6	58	39	49	22	52	60	7	37	6	12	55	59	16	17	21	31	23	52	57	16	58	47	20	33	51	30	32	7	19	54	35	50	37	49	48	60	32	52	24	1	13	39	59	60	25	21	21	48	1	33	5	12	21	31	41	52	
58	8	7	14	55	32	25	52	14	45	32	60	3	52	20	1	45	37	44	32	12	25	22	10	24	5	27	47	32	38	39	17	33	30	15	23	24	37	42	19	39	18	47	16	28	50	38	1	32	8	15	4	41	12	1	31	21	27	32	23	21	28	19	44	7	43	31	55	25	5	51	11	11	1	46	59	57	26	
18	11	33	2	24	2	12	15	47	21	48	37	57	9	41	46	13	54	25	25	27	19	27	51	57	10	43	27	46	17	56	21	12	18	45	39	18	4	17	43	38	16	6	2	29	25	57	13	29	28	33	51	14	52	20	32	13	3	1	9	32	32	44	33	60	39	24	37	46	16	13	49	47	8	44	21	48	34	45	
49	31	12	18	49	34	1	49	48	35	38	24	1	34	9	7	24	39	24	33	49	44	55	4	43	48	5	26	23	37	36	39	46	51	20	16	6	7	27	17	22	33	48	32	21	30	12	24	56	31	16	4	8	39	33	13	12	49	3	35	57	32	58	5	48	58	35	12	12	14	18	20	4	33	34	27	26	16	22	28	
22	44	35	7	24	19	28	50	7	43	23	44	46	29	4	49	29	41	57	49	14	17	18	9	57	25	49	12	36	30	49	11	20	30	55	18	57	11	45	36	34	28	38	3	51	15	57	46	29	17	57	33	53	9	42	52	41	33	51	24	18	51	38	53	49	33	43	18	54	33	41	36	20	22	3	60	38	30	17	8	43	
12	57	25	55	26	38	53	34	1	28	37	8	43	19	59	18	25	34	4	36	25	30	8	43	28	51	49	19	49	48	44	38	57	42	48	27	9	17	49	35	32	47	14	28	58	43	56	49	57	56	41	47	12	59	53	27	11	48	28	42	53	17	42	51	10	53	35	33	5	7	4	19	11	33	24	5	38	58	8	58	55	52	
44	11	17	8	5	13	8	45	41	16	24	46	19	14	46	32	43	7	9	2	43	23	23	45	27	22	44	28	53	37	27	48	58	2	10	1	43	20	2	19	38	60	21	22	58	45	51	58	54	49	54	8	3	57	25	35	49	41	33	12	38	46	51	10	19	30	27	55	37	60	12	17	10	30	2	34	5	53	31	1	33	27	54	
37	54	58	12	39	23	50	35	4	13	36	58	17	1	16	5	2	38	26	9	37	58	53	45	11	33	1	5	24	39	22	6	46	26	14	31	41	54	6	42	34	23	38	16	27	31	53	1	29	13	14	13	54	7	50	34	55	18	31	51	40	12	58	39	31	24	14	44	60	7	51	4	56	59	44	55	1	43	50	55	36	19	10	59	
57	10	34	19	21	3	37	54	25	28	26	11	45	49	19	4	15	41	12	16	56	55	36	17	16	32	5	24	10	6	60	5	54	60	15	45	33	16	10	2	29	44	15	2	46	57	5	21	58	47	13	38	13	30	16	10	10	14	6	53	56	13	54	51	38	12	44	40	20	50	26	40	28	33	47	52	14	34	31	11	16	25	57	25	50	
33	35	5	2	46	56	34	5	9	19	44	40	39	51	37	28	46	27	18	12	16	46	1	9	46	58	3	28	53	30	50	22	56	48	8	43	20	23	18	36	55	38	14	45	37	19	50	56	50	21	47	44	42	15	15	15	31	18	39	56	15	43	30	25	60	59	43	47	34	5	19	49	52	43	1	20	48	21	44	26	50	33	4	7	28	29	
49	38	4	51	37	28	25	27	20	28	50	58	60	57	13	47	2	16	23	52	12	48	23	11	29	35	46	6	24	26	53	16	38	32	43	42	39	3	38	60	22	54	38	33	22	50	10	58	13	25	50	39	16	50	11	60	49	31	54	18	12	53	42	24	22	44	45	34	33	16	14	33	42	41	14	5	38	16	15	30	15	3	3	12	36	25	19	
33	3	35	58	18	28	37	47	26	52	32	38	50	55	22	9	57	13	45	56	27	19	49	14	31	7	34	3	24	8	51	8	48	38	23	19	4	28	28	59	58	29	39	49	48	22	14	54	6	31	38	39	23	14	13	2	52	39	33	36	20	46	51	38	50	44	28	18	59	26	28	49	50	12	50	47	1	23	1	48	14	36	51	59	16	31	13	33	
23	57	44	1	34	43	31	9	7	12	43	57	9	39	36	50	15	22	53	35	22	39	17	32	11	53	10	23	55	40	16	10	42	57	50	19	19	55	24	60	54	23	48	15	9	17	37	35	24	20	47	13	53	2	53	24	20	6	14	34	32	33	32	45	48	33	32	18	19	13	28	21	49	14	56	10	23	48	21	18	7	59	41	1	46	11	5	18	57	
60	33	4	20	57	8	33	22	19	1	25	10	19	26	35	21	39	2	36	56	60	27	39	32	9	29	51	60	42	41	32	30	30	35	30	2	18	48	40	21	15	13	54	4	12	54	27	26	1	16	4	58	41	16	56	6	41	34	18	5	43	15	54	46	60	18	12	42	47	47	11	7	16	27	11	60	33	33	55	25	52	53	24	1	30	24	49	47	58	29	
10	15	32	57	22	27	31	48	1	42	55	50	29	55	28	6	59	56	54	7	5	50	3	20	55	28	38	2	3	12	51	11	49	44	5	51	59	26	43	53	50	9	48	30	15	10	38	59	51	60	38	42	28	28	39	13	10	29	47	55	39	29	37	13	35	50	49	18	28	55	34	19	27	53	20	48	25	46	12	45	35	13	58	50	10	43	34	24	44	56	30	
50	11	37	48	8	38	5	56	4	53	25	31	58	10	25	51	54	24	8	46	50	34	39	27	7	13	48	26	31	5	9	52	40	20	3	32	56	34	51	53	48	4	52	18	38	18	11	16	30	1	2	51	36	53	41	2	56	3	36	58	41	48	55	31	15	12	49	43	5	1	30	17	59	34	36	27	13	32	2	28	42	12	52	7	27	42	28	34	34	12	20	36	
55	58	53	24	51	3	13	12	19	17	15	56	11	58	5	4	38	16	24	44	47	26	10	39	41	30	46	47	28	49	59	43	46	58	9	51	31	23	19	32	29	10	35	26	12	41	33	12	19	42	48	36	9	36	7	44	37	21	22	5	39	14	39	52	8	6	29	4	58	31	16	42	10	55	51	21	28	37	52	26	47	26	40	41	46	20	52	2	52	25	57	9	21	
22	8	13	25	55	24	43	59	38	15	25	24	50	60	56	54	30	49	22	9	54	14	51	59	10	4	48	22	48	34	11	57	15	51	20	11	3	2	59	46	17	21	47	46	57	47	4	7	47	46	23	15	13	21	21	17	5	23	3	43	4	58	57	41	12	13	27	15	18	18	31	7	5	5	41	25	33	43	41	58	45	44	60	42	57	42	3	6	33	8	24	18	60	40	
6	1	57	16	51	1	37	55	25	7	45	51	32	4	46	45	50	58	29	21	36	23	34	58	47	54	52	34	28	44	59	47	45	32	37	59	30	28	17	22	32	10	3	39	1	16	18	50	34	44	44	4	60	57	18	22	8	24	5	26	7	19	34	5	3	21	52	56	44	52	44	6	59	34	48	31	26	30	41	37	42	44	55	54	56	15	41	26	29	39	46	51	34	11	25	
15	59	4	45	21	39	40	46	49	24	1	39	47	19	3	21	40	21	13	17	46	18	16	2	54	2	37	43	58	44	31	22	40	46	38	6	41	22	25	33	10	53	41	35	47	58	52	41	58	51	19	47	9	16	49	39	49	22	6	43	40	50	36	43	36	39	45	33	53	28	26	31	11	56	18	28	30	27	37	27	37	12	14	7	47	29	26	6	25	60	7	26	41	46	37	18	
52	6	12	30	12	41	2	51	43	56	19	15	30	56	22	11	54	59	53	22	35	23	17	46	12	51	56	41	44	8	57	5	38	25	59	1	39	28	2	21	27	7	16	6	59	24	57	15	34	9	28	38	19	56	40	37	48	48	52	5	55	14	24	30	16	42	13	25	20	44	49	33	17	54	16	26	55	53	44	53	53	32	2	26	34	50	23	45	60	14	56	6	21	42	30	41	41	
2	35	17	25	38	16	36	22	40	49	38	39	45	43	53	32	44	18	36	51	38	51	14	55	17	15	38	54	54	34	54	44	18	49	59	46	33	9	34	60	18	9	19	11	36	37	49	20	17	53	28	23	33	10	14	29	15	33	57	22	60	53	43	3	19	2	9	49	43	36	37	49	32	32	56	14	59	4	5	26	1	7	16	17	36	38	23	16	38	41	36	24	43	14	2	36	7	32	
55	3	16	52	23	38	50	24	37	13	11	9	58	1	23	17	15	44	57	38	37	25	16	38	1	53	24	27	45	35	2	31	36	9	40	30	58	20	2	54	2	44	42	14	54	10	49	28	3	8	48	17	37	21	32	9	31	19	50	16	54	3	56	3	45	24	42	29	20	12	54	18	18	33	60	59	36	9	11	4	29	22	54	33	5	15	20	45	45	26	20	38	10	44	33	3	58	36	40	
32	29	40	31	31	48	49	42	4	41	53	55	22	13	54	26	34	57	6	36	19	2	50	56	21	20	56	41	46	55	9	34	40	13	56	37	5	50	9	17	13	2	43	60	43	51	26	21	21	56	30	23	19	43	26	4	32	4	42	55	10	20	46	27	24	7	44	6	39	2	21	10	42	10	9	23	41	6	19	47	27	49	2	25	48	26	3	19	16	35	36	28	41	23	54	10	45	19	24	40	
34	23	13	37	40	44	2	41	60	46	18	40	32	59	6	31	7	19	44	51	24	33	7	23	11	50	10	51	42	23	26	56	34	54	48	49	3	5	52	27	43	46	48	2	19	28	9	54	45	8	10	3	33	25	12	42	24	57	24	41	52	34	45	51	57	50	29	42	29	15	41	31	57	27	22	45	10	57	16	26	26	43	47	53	52	26	53	10	44	41	25	25	60	50	15	39	24	11	46	36	43	
35	42	22	32	11	45	24	20	16	18	33	22	27	19	21	36	34	31	27	41	15	24	2	51	46	38	11	9	23	10	38	1	42	48	20	3	37	58	20	48	53	11	19	53	45	8	46	10	49	18	55	23	41	54	52	2	56	40	47	15	53	45	49	18	33	53	35	13	35	25	12	15	15	34	41	10	35	16	23	46	41	8	25	48	39	23	58	24	37	60	4	11	23	22	36	57	45	56	43	40	29	15	
31	59	20	14	34	53	49	3	36	37	8	27	55	9	42	5	7	22	46	2	22	4	14	49	37	16	31	35	53	24	50	56	22	7	39	56	59	54	14	39	41	12	49	14	3	43	12	51	28	25	45	13	33	56	20	58	7	6	19	38	38	17	47	3	53	60	50	7	4	44	15	12	24	60	21	49	14	50	20	19	28	40	47	33	19	36	28	15	32	21	35	47	11	3	31	55	59	18	19	20	60	20	7	
38	53	10	57	32	28	57	31	2	5	46	8	27	9	18	17	23	29	2	57	58	1	4	52	48	26	6	43	19	16	57	50	36	17	54	50	14	60	29	27	45	38	57	3	16	53	25	17	52	12	11	7	39	60	15	17	49	30	21	48	39	43	20	35	43	6	27	21	41	26	40	53	1	21	44	29	42	6	1	20	57	28	4	4	44	9	35	32	11	8	4	47	59	11	60	51	10	26	41	55	44	50	36	37	
58	51	51	49	60	36	10	54	20	8	7	28	11	8	1	39	22	7	22	59	3	57	19	16	9	56	15	22	8	18	4	10	46	1	13	59	38	27	39	26	5	50	19	19	20	12	17	29	57	24	56	34	3	7	44	25	28	52	55	54	54	33	16	9	46	56	15	35	32	7	31	15	54	56	10	59	17	45	17	25	42	41	21	22	38	6	15	19	22	57	14	46	12	53	27	25	17	12	56	24	17	40	34	46	18	
47	7	1	8	32	39	5	52	19	25	52	60	53	52	32	44	52	11	30	41	10	49	7	23	59	55	7	11	59	30	28	54	5	55	59	28	29	57	4	54	16	47	22	20	18	15	52	11	51	56	54	49	43	8	12	40	24	3	2	26	60	6	26	20	16	17	18	15	38	34	35	18	24	11	51	18	23	12	20	17	57	27	46	58	16	10	34	3	29	40	25	4	41	40	21	9	59	1	20	47	36	24	23	40	33	58	
19	38	26	18	19	54	18	8	25	54	1	10	13	46	7	11	1	27	35	20	53	59	52	17	36	40	60	37	49	41	40	46	11	55	14	18	26	17	37	7	31	17	21	52	28	36	36	30	42	2	10	41	25	24	42	60	31	45	19	56	38	22	44	45	57	13	25	16	35	45	51	15	5	16	40	32	2	12	20	34	46	47	17	43	48	56	44	41	11	27	10	32	6	32	52	38	3	1	19	50	36	55	37	4	57	57	6	
50	21	43	13	6	27	25	16	5	54	5	4	25	53	8	18	16	39	56	11	57	11	21	51	18	58	47	23	44	57	54	60	17	24	57	21	34	20	20	17	25	29	33	7	49	49	23	4	37	52	18	37	48	22	20	22	16	13	39	23	18	48	21	23	24	24	23	12	27	15	15	9	41	47	58	20	53	56	30	49	42	8	40	33	43	40	31	43	26	22	56	22	60	37	48	29	35	31	22	46	13	28	50	59	25	28	38	44	
48	53	4	38	15	14	20	26	52	44	53	57	8	31	48	22	29	5	51	33	27	6	2	19	20	51	27	19	49	46	23	6	35	37	39	16	15	43	24	21	46	9	43	49	37	59	14	25	18	52	5	40	21	25	18	6	32	35	45	8	24	57	1	6	14	27	33	56	38	1	12	22	19	17	49	32	10	40	28	50	14	45	19	24	30	34	37	31	27	53	31	15	34	56	2	52	36	50	42	9	21	12	18	51	8	1	2	11	1	
28	39	19	13	15	13	34	44	54	5	28	2	53	38	21	7	51	30	57	25	48	56	35	19	48	43	23	39	42	13	40	9	42	25	51	10	51	54	6	34	38	46	10	58	29	55	34	19	33	45	46	29	28	30	29	33	4	17	51	23	30	12	52	60	40	9	7	25	36	41	59	22	50	12	49	45	14	55	8	5	55	50	32	15	37	22	16	8	40	45	24	36	59	4	8	5	39	60	30	2	41	22	32	13	39	13	4	50	35	32	
34	48	18	45	8	19	23	21	9	53	33	46	27	7	27	4	12	37	42	60	16	46	51	21	25	23	1	59	7	32	58	43	33	42	3	1	22	16	25	1	44	43	28	38	24	37	28	54	36	33	55	48	60	58	4	17	58	56	55	60	22	46	15	45	22	34	23	46	19	30	38	57	22	53	14	11	57	33	8	45	23	55	43	30	35	55	37	34	38	17	29	57	44	60	7	29	27	2	39	60	20	26	54	39	40	25	40	2	36	54	40	
38	43	10	28	49	38	38	17	2	53	26	52	58	31	24	18	29	47	58	39	49	59	24	4	30	6	49	42	12	26	14	49	43	23	50	6	46	58	56	50	17	27	32	48	43	35	39	43	28	47	53	57	16	39	26	10	6	47	59	39	30	26	21	23	32	42	33	50	27	45	43	49	43	11	2	23	59	29	57	38	15	16	17	43	51	28	53	14	47	30	9	59	5	23	39	16	22	30	33	52	49	58	57	34	22	57	24	27	16	30	52	4	
58	45	45	1	15	30	54	50	59	2	38	28	50	7	32	54	15	44	47	44	3	47	7	58	10	42	39	25	26	3	53	21	47	40	49	17	32	20	58	34	48	36	47	40	54	26	40	4	26	38	7	8	5	28	27	3	9	15	52	58	27	17	37	15	60	12	60	54	52	27	2	31	1	59	60	30	25	7	47	7	16	12	1	55	31	30	30	16	20	33	24	29	56	40	52	28	27	6	26	13	15	28	60	46	26	8	52	5	59	5	34	56	45	
56	15	30	24	6	32	55	13	23	5	17	6	49	53	53	2	29	46	33	39	45	31	1	8	22	31	26	20	47	36	18	16	33	9	29	60	50	36	39	46	30	49	47	34	40	5	34	21	34	4	38	19	25	20	31	56	46	48	6	22	27	58	13	50	31	12	60	15	2	7	15	22	10	15	29	56	28	40	27	54	60	29	59	48	5	36	14	7	54	7	54	40	48	6	60	6	5	50	55	3	10	35	39	4	54	4	40	9	49	42	9	2	26	12	
1	38	60	48	15	43	53	10	33	53	36	56	46	21	48	24	9	6	54	12	26	26	12	8	31	7	59	3	57	43	19	14	17	57	55	21	40	6	22	28	51	57	35	31	15	35	54	14	58	23	33	50	52	44	36	14	51	34	33	35	52	60	9	12	44	45	33	31	60	50	17	58	33	14	21	55	52	59	23	49	47	42	15	28	30	46	3	21	3	38	47	48	42	26	54	28	18	26	54	10	59	56	4	54	2	29	58	21	16	51	16	41	10	58	24	
4	18	59	12	44	20	29	45	9	18	8	11	29	42	25	39	21	27	20	50	16	19	33	16	37	42	21	14	48	9	27	57	1	56	52	36	56	32	38	30	24	17	23	21	8	49	47	4	1	52	21	51	22	10	14	50	2	24	4	9	37	43	57	31	19	39	30	26	48	21	48	33	27	10	54	22	31	30	57	36	5	10	31	6	48	27	60	26	15	4	40	51	46	3	23	3	14	21	3	42	40	57	22	46	26	29	2	20	7	10	35	29	13	11	40	59	
18	28	56	23	28	51	23	27	14	18	17	12	54	47	24	36	44	16	16	47	38	60	32	1	30	43	55	57	43	10	23	57	55	8	50	31	8	10	44	33	58	32	22	58	43	45	47	19	51	28	1	27	32	1	16	28	51	40	48	20	29	27	14	44	56	50	58	36	11	46	28	45	29	16	47	34	47	17	53	11	25	32	37	33	57	48	16	24	36	42	8	20	43	37	3	33	31	30	38	38	14	4	32	46	12	28	7	2	26	58	42	24	10	34	45	28	33	
51	18	54	27	22	26	1	57	30	55	50	29	18	55	32	27	37	13	28	47	21	23	52	39	39	21	45	43	33	20	34	48	20	60	15	25	34	31	55	37	5	36	45	39	26	52	55	4	34	20	15	45	33	29	44	26	58	19	43	21	60	35	31	29	49	29	35	31	18	26	20	39	32	10	1	48	57	12	50	8	44	22	13	29	8	46	48	16	25	35	9	36	48	48	60	16	58	39	29	26	9	60	11	56	39	36	33	47	9	14	25	14	9	53	29	16	9	48	
24	10	31	22	4	23	32	16	23	25	40	48	57	55	26	10	9	22	44	6	59	13	31	41	12	46	26	1	45	46	59	28	44	17	45	41	46	39	60	57	27	8	15	12	14	41	17	26	2	36	45	43	6	20	59	34	10	11	1	42	7	58	22	20	11	5	10	22	11	60	19	28	51	23	38	49	49	39	16	47	43	3	58	60	56	4	34	25	47	17	39	31	36	24	48	53	9	6	6	32	7	51	6	15	2	56	56	52	8	55	42	1	50	47	5	39	42	13	24	
60	26	50	46	24	48	43	32	7	21	18	45	2	45	35	57	13	25	13	26	21	12	33	60	21	21	44	19	18	55	17	53	44	51	32	29	36	10	21	42	5	20	51	30	42	10	5	12	7	1	44	18	40	21	58	7	28	47	49	10	39	35	6	17	57	51	43	19	57	22	30	10	3	29	48	30	30	18	54	16	58	36	47	24	47	52	16	36	60	55	2	22	25	30	56	34	42	21	39	54	18	36	24	28	4	53	17	24	42	20	40	51	13	29	46	41	30	21	10	31	
14	24	20	54	25	19	16	7	15	59	58	14	31	10	30	23	33	57	2	53	28	35	11	41	18	31	41	30	39	18	38	45	42	47	52	47	3	47	55	2	11	37	40	12	20	58	56	56	22	46	38	30	23	50	36	20	44	12	23	16	6	46	8	15	22	55	43	13	12	36	20	58	52	8	37	50	44	33	54	2	51	40	29	33	14	45	38	56	46	57	31	11	19	47	37	57	4	47	42	32	1	38	29	59	11	60	25	34	11	56	46	57	60	12	39	1	4	38	58	50	59	
11	49	40	17	28	23	31	15	56	49	54	57	41	52	34	32	19	25	46	33	33	53	18	60	28	31	17	34	5	43	48	20	43	49	1	58	39	50	28	33	47	3	49	53	60	27	20	27	4	34	56	12	60	5	41	21	34	47	19	41	49	19	56	58	28	55	37	37	23	11	54	5	34	16	5	15	51	29	43	1	49	25	47	58	19	7	57	4	21	1	16	39	28	17	45	39	9	52	58	54	34	34	52	15	1	34	25	60	11	13	38	9	34	47	42	55	43	39	17	22	5	45	
25	5	32	41	31	4	43	29	8	37	39	30	54	11	30	8	20	11	6	23	5	32	19	7	21	4	54	33	13	20	49	44	19	28	33	9	17	9	43	39	14	17	3	24	8	3	28	11	48	1	14	35	35	8	59	6	59	3	18	36	57	59	19	55	45	48	5	2	29	12	38	3	14	35	27	32	49	13	33	43	51	47	37	49	57	9	34	51	33	15	5	12	28	16	44	44	18	34	12	52	25	43	49	40	14	2	42	44	41	48	34	4	9	24	44	8	23	3	48	36	31	44	32	
51	54	49	51	21	48	2	40	8	29	23	39	6	45	12	35	40	1	25	3	36	25	14	53	20	30	4	39	52	45	42	58	24	39	49	6	16	7	35	32	19	39	5	29	60	59	34	55	16	33	46	23	41	7	35	46	36	60	11	18	5	3	3	24	34	50	42	12	44	16	60	42	53	32	24	53	7	20	3	42	27	15	27	10	47	39	40	37	21	27	42	32	1	35	53	12	28	27	39	52	3	16	42	55	8	47	11	59	53	19	21	11	55	3	12	46	1	34	42	59	30	33	37	51	
40	6	11	11	31	16	4	55	19	36	52	35	4	32	54	24	13	50	49	27	9	17	60	50	31	27	35	34	54	37	36	20	58	34	18	39	34	20	1	11	39	53	31	33	35	35	36	25	48	1	40	7	17	4	32	11	56	2	13	13	15	27	21	45	50	51	4	27	27	5	32	13	43	43	33	56	34	59	2	43	30	24	14	60	8	39	7	57	26	3	59	60	43	14	42	43	42	57	57	50	24	51	47	47	13	27	54	17	48	33	30	10	32	33	23	59	35	56	26	44	22	21	11	53	31	
9	27	52	33	60	37	12	59	48	48	58	7	22	11	49	58	23	16	39	60	33	59	10	15	22	33	10	57	18	17	18	13	13	22	51	18	11	47	51	34	23	29	43	32	21	17	54	23	28	8	27	1	32	17	51	12	32	3	37	53	46	40	32	44	54	59	17	34	47	38	50	39	14	37	48	48	32	21	6	57	40	18	16	24	52	50	1	32	27	44	1	32	25	41	51	10	31	46	24	12	10	32	42	22	33	3	58	9	28	60	51	42	38	46	41	33	35	45	11	55	42	58	20	56	21	45	
13	23	8	2	3	6	57	11	30	1	1	48	16	31	33	18	41	24	50	48	1	24	4	19	44	52	42	44	49	14	36	33	52	22	40	60	31	40	57	40	34	55	36	6	19	58	5	1	58	41	30	47	22	28	29	54	2	48	12	47	45	44	60	2	11	34	48	59	46	31	14	31	46	54	25	14	16	34	1	11	7	51	41	6	2	13	28	49	28	50	33	11	48	15	24	32	1	15	19	36	20	47	21	3	17	43	46	50	9	31	44	17	47	35	44	40	22	12	55	58	44	29	10	32	31	39	59	
48	16	12	12	49	39	36	4	16	52	48	21	42	6	22	34	15	32	11	42	20	4	37	18	15	4	2	11	43	49	55	57	44	47	46	32	25	27	53	19	14	29	9	40	38	49	7	6	17	38	58	56	15	11	18	3	15	40	7	11	37	3	41	2	52	24	21	19	17	44	2	41	31	48	17	10	49	31	24	9	27	50	17	12	57	47	56	34	26	42	28	5	30	16	6	34	13	16	16	53	54	40	20	1	33	57	10	34	45	26	46	33	10	33	36	14	20	19	10	7	46	7	41	2	16	14	16	39	
13	26	10	25	6	27	42	59	44	7	14	53	26	49	41	40	6	40	29	24	33	33	15	60	56	2	44	6	40	34	1	29	58	31	33	9	52	22	37	38	14	7	35	29	26	42	32	26	33	27	23	44	56	39	37	44	40	9	20	51	58	14	36	3	23	21	18	50	45	3	39	47	60	44	58	59	34	12	21	37	8	31	37	14	50	3	11	58	47	8	35	9	51	31	53	39	51	28	15	20	9	37	17	37	21	34	41	1	49	40	51	53	29	49	21	17	44	59	4	25	2	1	2	28	43	9	6	20	2	
27	12	17	2	19	3	21	41	40	30	51	38	26	41	16	25	39	11	2	4	18	50	49	22	11	4	9	45	56	1	30	5	44	19	43	3	54	28	48	39	14	47	8	43	1	52	36	25	20	59	14	28	1	5	18	48	38	55	57	29	19	8	53	9	24	28	30	43	50	48	36	24	45	51	38	10	44	12	56	36	57	17	18	31	8	53	60	60	37	7	32	28	51	14	19	38	49	7	40	17	13	38	51	12	32	25	48	51	52	42	49	29	6	21	51	36	12	25	42	39	52	6	48	28	27	41	46	22	51	40	
42	7	12	26	22	32	35	10	48	24	17	58	35	20	45	11	49	2	30	29	35	33	58	56	38	26	7	20	56	12	13	37	9	32	25	40	27	54	50	28	54	59	26	54	20	45	9	10	22	26	58	47	1	21	4	39	42	31	59	9	59	3	53	33	48	19	29	15	2	17	11	28	28	47	34	23	37	7	40	22	54	44	30	35	14	27	30	7	42	50	18	58	13	36	32	5	26	36	60	39	37	34	24	5	28	1	5	58	56	7	23	55	30	3	5	28	43	58	54	24	60	58	33	1	26	3	2	55	39	9	15	
17	25	31	15	16	33	18	25	1	30	3	29	51	51	42	18	59	16	56	14	35	53	21	29	28	16	57	33	46	8	16	21	35	58	24	42	7	36	3	33	51	29	50	3	41	46	39	22	10	52	48	59	20	27	42	51	25	5	11	24	30	29	9	50	4	29	37	32	7	53	16	31	41	57	5	59	20	35	29	41	25	18	45	49	50	32	32	58	9	25	18	21	43	45	59	22	2	6	38	36	42	40	30	12	48	20	8	1	6	34	42	22	49	22	22	10	4	31	46	52	2	3	34	49	23	52	56	45	32	54	35	26	
21	31	13	57	52	24	44	27	49	59	32	46	42	31	25	58	53	42	44	7	10	33	50	34	6	19	13	38	19	18	37	47	50	4	12	26	19	51	54	11	48	57	31	46	15	9	8	11	7	29	10	18	59	34	31	43	55	28	35	55	1	51	56	41	5	18	38	22	33	39	52	5	7	17	17	24	34	37	8	49	28	6	56	46	7	49	60	42	55	34	8	9	58	41	3	8	60	25	27	30	59	37	56	32	48	22	42	6	32	2	46	36	13	60	12	27	46	38	16	1	50	33	17	12	18	29	9	8	38	50	24	12	20	
8	42	48	35	43	49	28	38	16	32	45	5	26	22	54	18	42	24	24	40	57	49	25	17	46	25	34	5	13	18	10	4	20	22	28	19	22	4	41	36	55	31	56	58	49	9	29	5	27	9	34	56	8	41	57	46	60	21	23	32	16	6	34	3	25	60	45	58	5	5	59	36	2	19	40	12	9	22	59	27	44	36	1	14	36	23	40	33	27	7	37	46	40	17	23	59	42	28	22	11	33	8	9	18	13	6	4	37	29	10	22	19	25	17	44	38	32	27	4	43	7	15	47	57	44	38	56	22	60	51	43	19	29	9	
26	6	11	28	24	37	53	51	16	18	6	58	59	41	16	32	43	17	48	42	5	40	26	55	30	29	40	41	14	13	16	57	4	42	56	11	56	23	9	47	7	45	14	46	14	28	13	55	47	8	21	38	19	37	42	40	50	59	19	49	27	50	23	32	53	48	30	31	47	18	29	1	41	58	57	18	52	40	4	59	22	56	38	11	32	2	5	38	46	19	2	18	30	49	10	21	38	23	38	49	29	14	12	20	54	17	7	8	45	13	15	16	36	6	34	21	32	5	12	2	45	12	56	28	17	29	17	11	14	31	58	35	23	43	26	
32	12	51	42	54	41	51	2	28	52	27	4	45	26	31	7	17	11	50	49	36	53	52	2	1	60	50	31	36	44	40	11	5	2	26	33	34	3	32	36	5	31	56	10	28	23	36	57	43	52	57	22	58	50	42	5	32	54	27	29	54	28	50	42	25	45	57	50	27	43	49	40	3	40	53	58	40	7	30	50	18	43	48	28	21	21	51	42	40	34	24	2	31	39	19	36	38	11	24	58	32	29	11	38	25	24	42	44	36	4	31	33	37	12	56	4	32	2	49	5	16	45	45	37	34	52	53	12	43	4	44	32	9	37	29	23	
48	53	15	5	49	49	33	27	53	55	17	46	32	4	20	12	37	6	4	47	16	48	57	21	39	52	60	24	29	12	6	58	30	18	26	19	8	51	39	18	35	23	3	16	3	23	6	1	13	58	36	57	1	33	6	28	47	19	5	47	9	46	24	24	50	12	1	14	47	43	44	15	17	13	23	11	37	24	15	12	59	59	30	9	50	47	31	5	42	24	25	30	9	18	60	56	23	59	11	50	41	55	32	44	10	8	51	44	21	50	43	24	53	57	16	53	10	11	11	48	49	21	49	19	15	30	16	44	2	16	48	55	35	25	28	27	2	
21	25	3	35	19	16	8	19	40	7	28	54	15	41	21	10	9	46	31	57	27	19	38	36	8	15	21	10	24	5	60	25	49	11	36	53	34	32	6	12	51	19	31	28	35	59	51	28	6	5	1	3	3	57	53	27	3	9	43	44	59	51	41	22	27	7	12	3	38	3	32	2	54	58	51	29	26	10	6	32	31	58	48	39	47	17	33	56	6	53	45	39	3	16	58	9	44	18	25	30	50	1	26	43	46	15	23	48	50	36	5	30	5	54	56	38	3	47	54	12	46	3	47	13	7	55	23	54	18	35	59	47	58	24	20	37	10	11	
17	10	24	58	26	39	51	39	56	48	16	22	8	19	11	44	42	54	35	9	48	35	54	28	55	49	17	50	32	9	34	23	4	53	47	32	25	36	42	7	38	60	31	18	39	35	20	17	3	35	38	19	24	11	17	57	15	15	4	31	37	43	30	45	15	33	2	19	26	42	20	1	8	38	42	20	21	17	52	27	59	58	8	11	35	24	35	15	6	27	2	21	56	56	58	27	8	58	24	27	55	14	57	4	4	32	24	46	50	60	39	18	6	14	46	16	1	2	60	15	24	57	4	56	31	53	52	7	17	45	6	53	38	31	18	48	56	56	53	
34	9	59	12	2	1	24	20	26	35	54	20	53	25	42	36	32	29	24	57	25	4	8	3	1	26	11	27	60	32	52	29	28	46	56	40	54	45	1	28	32	57	29	35	56	24	44	13	35	50	45	54	39	15	41	53	30	36	46	19	33	2	34	16	38	21	34	26	14	51	35	39	7	14	8	31	31	57	30	57	59	4	27	5	1	60	23	28	43	36	2	48	30	2	60	60	20	47	3	30	30	51	29	52	43	50	36	10	14	21	32	46	24	45	56	39	23	51	54	31	29	23	58	28	43	45	38	7	47	31	49	24	6	41	4	56	38	55	8	43	
3	14	56	59	51	11	16	33	47	9	33	55	34	57	30	28	36	15	11	40	23	7	35	20	19	32	48	59	15	21	42	51	25	15	45	34	30	44	22	13	35	39	53	16	58	21	58	48	43	14	12	35	55	58	37	28	17	29	17	29	52	8	58	3	30	45	21	10	40	18	56	33	27	14	14	58	4	35	58	12	37	7	28	48	15	23	50	5	2	55	36	12	60	52	17	52	30	52	52	39	13	17	36	39	46	55	37	6	42	14	37	23	47	56	23	42	37	53	19	12	15	50	39	36	7	17	56	47	33	12	15	49	57	22	53	2	52	5	27	31	59	
12	50	6	52	42	10	38	45	34	30	56	54	43	26	51	37	11	34	31	26	19	19	59	50	56	42	11	57	20	35	6	8	10	51	53	37	17	42	38	38	57	38	54	38	51	50	56	36	24	29	32	9	50	60	5	50	31	7	35	12	16	41	45	31	11	15	44	59	13	45	3	34	37	49	37	8	47	49	54	5	50	58	45	59	59	36	3	37	35	31	55	57	28	53	57	51	33	25	48	12	42	5	3	52	5	25	35	52	52	19	11	25	52	41	35	30	43	54	46	30	39	20	52	48	5	7	32	10	3	49	23	15	50	4	4	40	17	20	10	6	36	10	
42	43	32	52	59	30	1	4	31	52	14	57	60	57	5	49	18	12	5	42	2	14	30	19	42	56	34	37	58	20	49	31	9	11	10	6	42	18	40	50	47	13	10	47	58	6	39	22	10	32	50	45	2	21	43	42	15	19	29	24	22	3	14	60	15	18	31	10	32	27	57	22	42	22	52	35	42	48	60	19	58	49	55	37	38	45	20	46	8	19	28	45	40	53	7	18	44	37	59	15	37	18	50	42	4	17	59	44	35	36	25	42	41	3	7	55	37	34	57	43	48	40	29	26	46	59	8	58	1	6	55	29	18	21	18	20	38	57	8	27	58	13	20	
46	17	41	44	33	23	5	37	35	47	17	31	55	53	7	42	25	13	32	26	45	13	51	12	43	16	16	21	5	40	37	21	3	21	48	13	38	28	51	17	53	25	27	52	23	21	17	47	57	56	8	49	41	48	25	38	35	13	58	55	35	15	59	47	53	27	40	5	60	22	21	48	48	37	41	22	56	3	12	2	56	34	52	10	8	14	55	33	55	36	4	22	38	21	58	11	58	44	4	56	33	15	60	45	26	23	11	55	1	32	58	12	32	30	12	37	52	54	54	7	40	5	34	60	20	20	29	50	32	43	16	8	35	11	51	40	9	55	21	2	2	42	13	3	
17	43	1	34	34	23	58	15	26	39	32	34	48	34	24	45	28	5	27	50	20	7	3	44	52	46	28	15	13	56	33	57	38	20	40	60	30	42	18	12	52	6	32	19	15	26	59	48	42	8	22	32	45	29	30	6	30	32	5	58	46	47	32	25	37	49	23	30	1	19	57	59	8	59	45	23	1	8	30	17	7	48	3	51	38	52	49	29	12	3	32	14	26	32	22	6	48	60	4	14	20	37	54	3	51	17	48	11	39	7	8	7	47	25	33	12	51	56	14	1	13	60	3	39	53	26	47	37	30	35	33	8	34	56	16	20	50	4	19	1	35	3	9	27	35	
53	36	21	20	36	30	44	28	24	47	42	14	59	44	60	8	30	45	60	42	43	59	42	41	12	43	23	9	10	21	17	12	27	38	4	17	37	31	44	46	44	31	9	22	39	57	45	23	8	4	17	6	20	53	17	46	40	16	51	33	43	8	12	30	5	6	56	20	57	46	29	42	52	54	3	9	56	45	7	9	46	57	47	8	53	57	60	1	48	36	40	6	23	40	28	59	47	40	12	33	58	31	2	44	57	27	34	1	1	55	41	45	57	29	1	60	57	16	35	11	41	54	53	42	56	27	56	23	46	41	48	49	47	31	55	45	25	2	18	8	18	19	59	43	15	38	
24	37	47	11	49	39	52	35	16	56	59	26	38	11	48	14	44	1	8	33	45	42	26	59	31	34	44	39	2	53	50	42	38	16	27	32	7	46	27	49	12	40	43	17	1	25	16	44	4	6	16	38	45	39	35	57	1	13	40	46	15	53	50	4	50	4	19	17	17	49	32	51	27	17	19	37	47	16	19	19	46	29	32	53	12	33	36	8	38	28	3	51	15	59	8	47	18	29	18	16	58	55	53	59	6	27	2	26	13	52	46	42	47	8	15	36	34	53	29	28	23	33	34	9	50	58	7	60	5	3	17	21	2	9	60	32	40	55	12	40	14	34	27	20	28	53	49	
9	10	16	44	5	41	39	4	54	1	48	21	3	29	56	37	34	52	13	46	25	25	36	48	23	45	50	21	38	29	43	51	3	45	6	9	2	14	30	42	14	48	56	60	30	57	7	31	27	13	27	60	48	44	30	35	32	48	31	29	20	12	13	38	54	21	24	28	31	53	29	22	38	39	9	54	46	32	26	19	12	33	34	56	23	22	53	15	55	57	35	40	18	13	52	27	41	16	23	33	8	2	16	4	38	55	46	2	11	44	17	10	30	39	32	43	3	58	25	7	25	8	28	33	49	29	52	43	1	25	26	49	2	53	3	28	43	57	34	28	23	11	32	7	11	7	3	31	
15	11	48	40	23	9	52	24	45	24	28	12	17	18	38	36	25	1	18	7	22	3	55	58	48	43	32	12	2	34	12	43	8	42	46	46	47	23	46	37	21	13	42	25	34	35	17	49	28	55	48	45	4	47	28	39	38	22	17	9	33	13	47	25	53	23	35	13	51	53	42	27	20	2	7	6	55	41	44	15	58	14	16	53	29	56	28	53	15	46	54	12	51	26	48	28	45	40	27	14	54	1	42	42	27	25	15	41	50	16	53	46	44	58	20	43	5	15	11	37	32	16	25	51	36	23	2	32	20	39	47	40	56	18	41	7	21	37	34	5	17	56	54	19	37	20	39	1	33	
43	40	10	23	53	57	11	41	22	28	36	22	57	41	36	16	18	25	52	58	29	17	31	54	52	5	44	16	1	41	19	36	9	15	32	51	30	19	18	31	10	6	53	6	14	20	57	23	48	14	32	6	10	8	40	47	40	44	27	47	22	45	21	30	24	41	58	6	7	32	49	18	7	27	2	4	8	57	33	45	31	13	33	28	47	58	5	14	57	26	23	60	19	11	20	15	15	1	17	43	37	30	45	25	8	25	8	45	37	52	10	12	14	50	57	27	13	30	3	23	2	53	58	27	9	60	46	29	2	8	55	14	31	24	29	45	49	18	54	12	39	14	42	26	13	46	54	54	55	24	
20	48	14	50	30	46	60	28	41	59	31	50	50	43	12	50	44	60	53	3	55	42	32	57	37	34	27	40	50	25	58	40	3	56	23	30	54	27	35	34	12	34	42	23	18	13	50	58	24	34	4	8	21	22	39	51	58	24	8	49	30	42	56	21	29	13	2	20	46	9	37	29	18	51	31	29	60	17	60	8	48	18	24	2	43	55	48	27	26	47	29	55	18	16	50	7	50	7	29	14	12	4	46	45	32	44	11	24	54	26	41	39	46	27	6	13	31	13	21	24	5	3	13	47	50	55	10	14	30	3	31	58	2	29	46	59	21	59	15	4	6	8	57	35	60	49	4	6	59	56	25	
27	42	33	17	31	18	47	25	51	34	2	51	22	16	36	22	60	30	10	29	13	35	2	17	57	38	30	39	14	35	34	31	13	25	18	34	13	14	7	8	42	31	53	11	31	11	55	19	5	24	15	3	42	42	49	30	10	50	5	59	58	5	14	56	60	27	35	21	24	40	42	22	58	14	48	44	17	29	35	1	38	45	40	7	35	51	37	9	20	21	60	58	18	30	38	36	43	27	25	54	3	56	2	31	58	55	11	28	3	20	55	26	59	60	5	30	16	31	53	35	2	53	47	47	10	25	2	50	22	33	50	42	14	39	58	1	42	51	23	51	1	2	27	33	48	33	7	19	29	20	25	38	
50	26	56	16	30	36	30	48	17	35	39	31	45	50	2	21	55	3	51	45	31	16	53	27	59	23	58	12	28	18	55	37	7	12	22	16	1	15	53	34	36	28	38	44	35	2	46	45	26	19	52	9	40	1	60	6	7	2	41	42	16	53	22	45	24	55	6	37	4	7	16	57	21	38	48	46	37	47	40	22	32	8	16	27	32	44	42	41	6	27	35	60	35	21	8	11	3	31	46	44	5	52	2	50	42	38	5	4	13	14	14	41	25	23	27	35	59	28	56	38	36	41	52	23	45	30	14	47	14	1	60	48	38	15	24	15	41	30	22	21	1	10	7	41	30	27	14	23	58	37	1	32	58	
27	24	47	2	18	58	44	16	17	13	11	1	39	57	42	57	44	51	6	1	4	23	36	45	18	55	44	46	25	30	5	56	58	39	58	1	11	51	24	9	30	30	25	36	53	14	39	3	52	23	31	3	5	57	58	32	15	41	40	47	15	49	36	41	45	47	1	46	53	2	44	15	60	21	7	49	19	38	32	19	51	44	32	3	19	42	12	30	25	58	52	55	37	22	27	5	33	6	24	42	20	32	8	8	46	47	54	28	1	40	17	34	51	36	2	50	50	9	23	58	2	24	37	14	59	5	6	10	45	15	56	24	58	24	37	15	28	6	56	33	43	25	47	46	3	18	19	23	44	2	54	4	21	45	
8	2	22	54	26	32	42	59	2	28	55	20	9	47	6	9	40	12	32	59	17	33	58	52	52	55	58	14	2	38	13	20	10	10	11	60	51	31	34	11	43	6	27	40	47	46	52	38	40	16	8	33	15	14	46	41	26	20	14	19	46	35	42	22	15	4	6	34	3	43	45	33	35	53	2	9	56	9	52	8	23	24	19	32	9	29	13	23	40	50	25	12	5	53	43	8	56	44	1	15	30	1	24	8	38	2	37	28	32	18	53	19	9	26	57	13	50	33	23	43	57	17	7	24	54	8	14	28	27	36	19	16	45	19	57	4	13	12	19	28	20	48	16	15	31	5	23	31	31	54	60	27	17	46	37	
3	53	15	42	37	50	26	60	53	39	10	5	50	46	42	30	41	17	52	59	53	21	12	55	6	45	12	27	30	44	57	55	51	21	34	57	23	37	51	19	14	56	55	57	44	7	14	46	56	60	56	23	46	54	36	59	9	34	30	41	58	1	17	27	43	23	46	5	29	41	43	29	7	15	37	33	41	23	26	3	50	25	28	8	34	45	28	33	57	33	24	29	1	20	30	6	40	15	10	36	24	35	28	4	5	1	35	42	3	5	59	24	37	56	20	40	11	51	45	2	33	29	46	23	57	45	54	7	1	53	3	33	31	16	24	10	43	33	38	29	37	42	36	6	36	18	5	18	32	55	26	37	49	17	49	28	
40	6	17	56	50	18	25	41	47	17	5	39	46	29	35	15	13	57	59	32	25	6	16	8	36	26	58	6	57	20	11	6	19	10	11	60	31	58	48	33	33	50	41	5	35	41	3	59	34	35	12	1	31	48	59	57	8	6	19	37	4	34	35	11	22	55	11	13	15	15	37	11	23	5	42	8	20	9	15	9	31	43	8	10	13	40	8	43	19	43	18	53	27	29	14	30	49	18	59	60	10	34	50	10	4	60	49	1	52	3	34	49	27	40	59	41	18	45	5	43	54	13	13	46	4	22	57	54	2	1	53	15	36	30	43	34	36	57	44	31	19	46	12	57	26	58	37	26	14	12	28	32	8	13	60	12	1	
49	37	46	3	21	46	16	12	6	50	6	16	51	4	20	1	45	14	54	55	7	7	8	31	41	54	32	37	13	33	55	39	29	51	4	20	3	15	59	2	40	59	31	16	37	5	44	17	57	37	50	31	53	53	33	36	51	56	11	57	20	36	53	38	18	48	54	43	18	54	58	50	14	2	4	27	4	9	48	31	30	15	54	17	4	26	10	44	25	32	30	31	19	33	31	47	2	38	28	29	13	28	29	45	53	43	5	56	43	7	48	7	51	7	35	38	28	8	55	26	16	58	21	51	58	40	45	46	43	3	54	17	60	27	44	6	8	43	59	11	55	39	13	33	47	1	31	9	39	49	16	26	11	19	25	57	10	17	
54	35	4	28	11	46	59	43	35	35	52	50	15	33	24	25	43	15	8	19	17	34	45	33	26	53	56	15	16	45	30	46	15	20	1	53	52	2	12	48	40	35	27	19	50	43	5	35	9	15	1	24	11	13	50	30	49	60	27	17	25	5	59	53	6	35	49	18	39	16	25	37	41	45	14	17	28	22	26	23	10	44	9	11	20	49	34	48	35	52	20	4	24	31	11	42	33	47	21	10	18	31	53	28	52	44	31	29	14	38	2	8	59	42	48	43	1	43	54	52	25	42	6	60	36	33	23	3	35	12	24	18	20	39	21	24	19	1	20	50	43	52	41	31	22	50	11	16	16	18	41	49	9	29	14	18	38	57	53	
21	26	53	28	14	58	49	13	54	35	18	15	1	2	40	52	29	48	2	4	12	41	17	49	19	46	30	2	20	11	36	53	33	1	31	17	58	9	22	16	15	12	22	58	36	21	29	40	7	30	37	42	30	39	54	22	46	30	55	30	17	29	5	22	13	47	46	24	31	39	8	18	13	11	19	43	59	27	19	59	2	7	4	6	60	48	47	33	50	52	40	29	23	33	35	46	30	26	25	9	47	35	21	2	10	56	28	15	23	42	24	23	45	2	7	17	19	47	29	30	26	8	37	30	36	12	8	51	11	56	44	57	12	1	59	8	12	16	6	57	11	12	14	42	60	43	54	9	6	5	51	17	2	11	42	29	55	9	30	35	
8	28	30	3	12	6	57	55	33	45	9	28	56	27	44	12	5	22	7	60	14	25	51	7	41	17	41	20	5	36	2	15	21	50	11	16	53	43	51	28	43	46	32	34	15	9	54	31	52	46	12	22	41	20	17	9	44	28	52	34	46	49	40	15	25	57	4	51	17	41	20	14	40	36	15	45	46	24	51	19	29	52	56	41	2	33	2	47	58	9	22	14	23	59	21	52	24	1	16	10	8	56	57	29	32	48	21	1	16	13	20	21	18	31	36	10	27	31	54	59	12	15	40	50	30	46	13	14	19	26	20	7	7	29	9	34	31	56	58	18	54	47	59	52	7	39	39	39	15	30	9	21	9	3	25	44	17	47	36	18	21	
25	32	3	42	47	13	5	44	55	60	48	54	3	26	51	16	40	32	2	56	4	45	24	10	8	19	36	46	3	10	16	41	6	48	33	48	39	59	49	31	30	6	50	27	18	12	16	53	49	60	2	1	15	12	45	12	48	54	60	50	35	2	35	25	52	49	8	24	22	39	45	12	49	14	20	23	54	49	57	20	22	55	19	40	11	1	7	4	51	3	24	29	15	19	10	11	37	5	36	38	22	49	53	56	29	8	30	13	6	52	26	1	56	7	37	10	56	37	18	27	3	18	25	14	15	20	13	39	23	59	19	27	43	2	34	54	37	29	36	1	15	17	4	25	54	34	26	22	56	54	60	4	19	36	5	14	20	38	45	58	21	59	
42	51	52	32	4	28	58	40	42	1	2	43	12	6	6	15	12	4	6	22	4	6	22	18	11	21	60	9	28	20	11	13	32	48	31	53	50	1	54	6	42	36	48	35	47	39	12	49	19	24	5	32	20	54	58	36	21	38	2	25	21	55	4	44	32	31	44	56	60	4	17	29	9	32	38	56	29	57	21	37	54	21	54	7	35	47	49	8	38	45	27	23	21	28	37	28	44	3	42	4	4	16	56	42	44	57	6	30	55	60	57	42	11	24	55	40	45	58	23	17	30	21	24	10	44	38	37	2	31	16	58	37	16	57	5	39	26	11	11	42	36	37	21	12	24	4	43	2	35	26	20	32	14	10	55	34	26	37	56	56	37	7	6	
5	1	37	11	41	10	26	36	42	13	34	40	37	60	20	53	45	38	32	57	42	49	28	16	20	45	54	19	10	43	28	30	12	23	43	19	33	54	48	49	49	13	22	43	40	11	26	22	45	15	26	10	57	44	26	42	57	4	14	59	59	18	54	5	42	11	40	30	25	44	51	57	5	58	6	52	4	13	16	14	18	10	47	18	47	46	57	58	55	24	10	21	57	43	17	50	53	33	51	35	38	5	33	50	52	54	14	43	39	21	31	36	3	12	22	28	58	41	56	21	9	19	34	6	19	2	48	25	56	26	29	6	27	16	40	26	56	28	19	37	51	12	46	25	36	39	56	52	25	31	15	10	31	4	47	24	53	7	35	27	15	12	3	55	
41	53	56	8	8	59	50	58	28	1	3	2	48	20	37	12	27	34	2	36	49	15	52	31	47	31	7	55	59	37	17	51	41	32	35	49	8	8	37	33	7	45	46	57	48	32	21	19	17	60	1	25	50	47	26	2	40	14	10	42	9	41	56	18	53	12	25	6	31	23	58	37	54	35	8	49	44	26	8	36	18	7	19	7	26	40	7	59	4	11	47	11	58	17	51	27	28	26	18	37	60	27	11	23	4	58	13	9	15	14	51	17	59	44	28	34	46	11	43	57	40	12	20	24	38	11	26	6	19	25	55	45	54	16	43	49	41	18	1	52	21	2	53	44	35	25	24	51	45	38	15	44	19	15	36	47	42	2	27	5	12	1	59	6	2	
34	25	25	21	41	6	31	28	20	44	49	58	34	18	53	3	43	48	7	31	50	51	23	28	56	34	57	18	51	15	47	53	4	55	43	47	26	2	10	12	36	32	18	31	38	39	53	24	49	50	31	12	27	20	20	47	33	43	28	7	44	13	25	25	55	54	33	3	38	56	37	41	17	10	51	51	31	58	53	39	52	11	19	48	48	55	25	11	21	38	7	54	45	9	36	4	41	16	47	42	52	21	41	37	14	2	28	2	9	55	5	36	7	22	32	22	5	9	51	30	38	7	2	15	22	16	54	8	4	4	41	11	5	56	56	35	14	13	58	38	22	35	22	60	22	51	12	1	19	45	45	7	51	47	34	18	60	8	29	19	23	18	8	10	43	57	
13	39	60	36	23	29	58	20	18	59	49	13	3	27	13	35	28	7	8	44	6	9	39	3	57	47	11	38	20	51	8	6	22	48	37	39	50	7	53	14	4	12	44	25	33	19	24	34	3	35	49	17	14	54	1	41	37	34	25	55	27	41	14	35	22	22	21	24	32	35	27	4	52	53	21	31	18	39	54	35	8	32	60	6	54	8	27	32	31	14	2	1	29	33	52	4	53	26	56	30	57	16	5	36	37	28	22	57	50	38	3	5	57	18	35	17	49	47	52	8	29	52	31	20	31	50	53	27	40	7	46	18	37	2	50	1	28	9	47	17	53	1	32	5	54	33	37	33	55	16	1	58	42	11	58	48	48	52	13	31	38	29	36	54	45	25	58	
27	5	29	33	30	48	29	8	48	10	51	1	14	15	11	46	35	35	35	32	22	15	58	3	16	33	60	54	16	48	56	37	21	57	18	34	56	20	53	48	11	31	6	32	55	50	34	39	31	14	44	6	7	46	1	23	30	1	7	51	56	38	43	19	20	34	39	37	47	58	48	22	55	22	41	6	17	8	26	57	52	2	22	42	12	47	5	51	44	15	34	58	23	43	31	54	19	46	40	59	10	54	20	30	27	40	44	14	27	35	6	38	5	13	59	8	17	3	37	28	34	8	10	35	20	10	11	36	26	40	18	7	17	1	36	40	47	40	36	40	1	29	58	25	34	19	5	41	50	56	25	23	48	3	30	42	36	23	39	40	21	57	31	33	8	29	56	33	
23	45	13	51	11	2	55	18	36	58	29	44	13	2	43	53	13	5	30	25	59	36	34	43	22	25	43	58	35	4	7	7	54	25	46	4	20	56	51	41	52	46	24	9	33	9	53	26	49	51	54	46	26	20	41	58	44	32	5	7	32	5	42	16	40	15	50	34	52	7	13	16	55	55	14	48	20	37	16	32	45	52	58	9	40	25	3	7	36	47	10	50	1	8	48	23	17	34	9	9	56	55	51	37	9	57	19	39	54	50	41	3	52	13	29	52	13	20	44	4	40	16	15	46	36	60	49	35	38	2	4	42	18	12	12	12	18	60	55	4	15	17	14	39	59	44	55	30	25	51	1	51	19	22	51	40	59	41	21	12	18	15	41	8	52	18	12	39	39	
44	37	7	5	48	32	19	43	25	14	3	1	2	45	3	6	27	7	26	25	55	13	16	57	16	27	60	30	6	21	30	55	15	30	58	50	25	36	3	42	6	9	21	10	16	1	40	35	11	29	47	5	54	1	38	38	37	11	20	22	12	14	49	14	39	49	21	22	40	21	11	55	12	26	48	29	46	35	21	37	3	45	48	16	16	12	60	18	35	46	16	53	34	42	45	60	43	54	49	8	14	9	28	6	14	2	26	26	32	23	51	14	59	23	34	57	18	13	39	5	13	39	9	41	21	35	4	35	47	21	57	48	49	7	25	47	12	28	9	6	15	58	21	13	15	48	12	56	57	44	54	17	4	38	22	44	8	43	8	29	23	15	25	42	8	11	2	43	47	32	
2	45	36	46	50	52	7	35	46	50	43	37	46	37	24	44	11	47	41	50	36	39	40	17	20	9	46	14	2	34	25	29	9	5	31	50	20	7	46	29	3	40	50	15	60	51	5	47	48	15	16	34	7	44	31	16	60	22	5	16	2	10	57	60	15	23	46	50	33	39	60	24	28	55	5	10	42	15	60	39	4	59	14	11	22	55	52	44	6	48	15	16	53	36	44	40	45	38	48	44	34	32	17	53	37	24	58	54	7	35	31	20	39	17	11	54	40	11	25	1	32	55	20	1	40	11	31	2	58	31	37	40	21	18	49	31	8	5	7	32	36	13	38	38	33	28	4	38	41	12	21	15	29	59	12	15	58	40	41	17	26	28	25	24	60	10	13	58	47	4	55	
5	35	51	15	53	52	54	29	46	1	15	3	26	43	26	25	42	16	3	16	12	18	9	11	9	12	8	50	24	38	56	2	41	39	7	58	36	58	3	60	44	27	37	5	20	37	27	45	44	51	39	16	9	32	54	40	21	33	2	44	24	3	53	23	54	6	51	31	27	43	32	26	26	15	3	8	30	2	40	59	3	45	23	46	54	12	11	3	9	20	29	29	8	2	2	30	44	11	32	30	2	6	53	38	16	49	10	14	32	20	37	8	35	44	60	2	19	14	48	20	54	30	35	44	1	40	43	56	29	58	17	43	30	43	18	24	42	30	13	26	59	17	3	15	10	26	9	9	13	22	46	7	18	53	34	57	58	56	4	16	19	35	26	55	17	35	20	45	17	40	4	36	
56	19	23	59	19	45	36	12	58	56	39	30	38	3	23	48	60	60	52	6	6	45	20	41	48	27	16	24	29	6	13	28	36	24	7	18	48	30	13	52	60	54	10	55	55	27	10	44	21	35	35	34	24	60	45	49	5	36	50	34	4	10	55	29	7	10	21	14	4	56	9	29	22	34	40	10	20	29	43	33	2	48	33	10	18	45	36	31	56	7	40	57	15	22	4	35	38	50	3	27	3	52	60	19	39	43	10	21	52	32	52	51	42	38	38	17	15	36	3	33	15	18	41	14	24	32	9	46	27	10	20	34	22	41	18	6	8	5	59	34	27	40	29	19	5	10	59	8	23	55	9	57	57	19	30	51	9	22	24	22	28	24	8	30	3	11	48	51	24	12	23	41	22	
34	59	15	3	47	23	30	50	49	21	17	39	35	15	59	4	56	9	35	18	20	10	14	44	59	38	39	36	39	34	26	6	27	60	17	35	46	11	18	34	28	40	34	26	58	52	7	15	57	3	48	13	47	58	36	52	26	43	47	2	7	28	28	32	28	43	28	52	46	41	1	22	3	26	8	36	18	34	24	8	2	40	57	18	35	33	42	35	41	30	11	23	10	47	15	20	37	25	55	9	58	9	9	15	51	34	6	28	1	19	9	11	44	46	42	9	43	51	52	19	40	27	47	30	42	45	38	14	6	32	26	7	38	19	49	31	2	40	12	26	42	42	54	48	37	31	39	11	43	6	10	46	8	26	19	3	47	53	34	10	4	38	25	8	50	52	14	13	54	33	35	42	38	47	
4	34	19	22	18	3	54	36	14	30	46	41	46	10	55	5	46	37	33	44	47	21	58	10	35	7	50	20	23	59	20	54	35	6	54	44	14	10	17	49	27	21	34	6	12	26	2	4	3	23	3	42	1	26	29	8	37	57	54	54	35	45	18	14	58	42	36	26	56	54	3	43	3	33	14	33	30	4	36	4	48	19	36	36	57	41	35	2	19	31	25	42	14	17	44	35	52	37	29	37	23	23	12	18	2	7	25	37	11	54	41	2	4	36	5	53	57	53	48	18	12	24	36	34	25	27	57	17	30	32	13	22	48	13	25	7	4	6	35	26	43	22	26	4	51	38	17	6	56	2	28	7	19	1	33	20	51	41	1	52	39	8	53	56	17	57	49	52	54	37	32	44	23	11	10	
7	56	4	45	55	27	41	36	34	8	14	11	51	31	29	6	22	40	4	44	47	17	11	7	29	53	1	49	24	10	55	45	12	28	36	3	52	12	7	28	4	2	52	31	31	23	27	31	45	27	11	27	30	60	33	16	46	42	11	2	11	45	58	12	50	14	59	47	58	50	25	15	18	34	42	14	32	49	2	19	37	13	35	12	54	38	60	8	38	1	53	14	45	55	52	40	59	7	11	41	31	39	60	32	33	52	56	2	12	50	52	4	13	29	35	15	42	50	54	34	55	30	15	40	60	10	27	35	37	10	4	2	41	27	55	59	52	8	58	29	41	52	11	52	25	35	44	17	26	57	17	54	20	54	49	40	43	32	34	8	43	59	4	16	23	28	18	12	39	23	1	35	35	5	30	18	
59	58	42	31	41	30	5	45	15	23	21	29	16	36	40	27	56	38	60	23	48	1	9	46	2	33	1	35	26	57	45	43	11	52	29	46	28	3	8	55	7	24	41	24	46	2	27	32	21	2	38	35	53	40	36	57	8	32	28	51	30	46	43	25	10	6	6	46	39	4	6	11	3	22	28	36	43	17	57	46	45	4	47	35	45	40	53	57	9	29	27	4	13	15	52	35	24	34	59	35	21	47	11	20	6	37	19	38	28	17	26	1	1	58	7	53	5	10	30	7	25	51	14	2	12	38	1	39	25	55	19	30	46	44	59	58	44	54	45	33	32	31	6	14	12	14	31	9	36	57	58	26	13	26	43	46	45	3	53	12	49	54	31	34	10	13	51	54	53	31	22	1	15	54	14	31	18	
56	16	26	20	57	8	8	59	38	41	47	19	58	29	36	4	34	30	33	4	17	32	11	38	2	28	32	12	2	41	45	46	31	54	45	29	58	22	21	33	30	46	58	59	11	31	22	8	36	46	55	36	30	58	30	4	42	42	21	12	43	52	29	14	21	11	34	53	3	1	54	26	54	50	29	58	36	51	52	38	47	44	45	43	11	51	37	8	51	22	35	6	28	45	38	35	28	30	6	34	9	39	59	33	7	47	37	44	58	33	34	55	46	20	44	60	48	30	16	26	24	33	52	47	1	32	10	43	3	19	19	34	30	43	1	10	20	15	32	23	31	14	9	14	1	26	19	59	18	39	16	38	57	30	14	53	27	54	3	41	6	10	28	56	28	53	55	30	58	1	56	17	45	49	56	19	4	15	
21	9	50	57	5	56	5	56	35	41	15	44	43	15	48	50	38	48	22	53	46	2	49	13	27	11	27	43	36	25	37	59	16	35	4	21	45	6	13	9	37	41	33	39	44	37	17	23	23	53	4	58	35	35	20	39	31	5	41	47	54	2	18	49	22	18	58	3	5	2	20	59	46	17	3	31	56	8	34	42	11	51	49	48	24	21	39	42	14	49	10	43	16	35	7	60	44	35	39	1	3	43	6	46	18	7	56	24	31	60	23	9	38	23	2	23	37	53	49	6	24	30	31	9	25	14	10	37	37	53	47	41	21	29	8	39	34	59	28	26	22	30	30	22	41	35	10	12	32	46	50	55	53	27	38	36	45	30	57	54	5	45	38	3	50	4	57	13	5	27	59	34	31	4	57	16	46	33	53	
24	38	11	60	46	35	6	57	47	28	34	25	49	15	13	21	50	52	48	3	2	59	14	21	40	49	24	21	45	23	24	48	7	29	46	14	31	36	53	3	60	33	59	2	10	24	60	4	40	54	60	30	30	27	34	24	7	57	58	23	60	59	23	44	51	59	9	22	25	60	49	52	9	20	44	48	43	52	36	10	18	39	31	39	46	22	6	54	46	59	19	22	11	58	19	54	44	30	41	60	47	2	9	59	2	14	18	53	4	9	49	37	40	46	7	38	34	23	46	58	50	43	45	60	18	22	32	7	4	8	29	5	18	2	30	20	8	49	12	56	46	53	5	47	31	51	35	32	59	23	27	57	1	2	3	37	42	29	8	42	1	53	1	3	1	9	6	40	42	7	2	13	40	27	14	39	22	34	39	52	
23	33	11	25	11	47	13	12	5	59	52	19	27	14	6	59	41	32	11	35	6	10	2	60	1	6	42	22	28	43	38	49	45	59	57	17	55	23	7	11	14	25	58	10	28	5	49	58	57	40	17	56	24	48	59	24	19	60	19	45	11	37	29	5	42	29	18	23	15	27	7	47	45	57	23	21	37	21	16	10	47	49	30	38	45	36	35	28	49	14	12	46	10	3	31	22	34	53	31	26	18	33	55	28	28	34	19	23	21	31	34	24	13	56	38	21	42	12	27	31	25	30	28	44	7	3	24	1	37	54	55	46	1	45	22	3	43	13	35	13	40	13	47	39	54	24	17	42	42	38	58	26	33	7	3	43	44	56	37	32	28	4	38	7	30	25	33	59	24	53	29	12	11	5	11	51	59	25	16	56	25	
60	21	15	23	23	7	12	37	21	58	6	50	53	41	14	4	12	21	43	1	23	14	45	5	60	10	27	9	22	47	17	38	44	2	35	53	25	55	48	5	51	46	29	55	56	49	55	21	32	23	4	58	30	47	27	47	51	46	47	38	8	33	25	34	40	33	3	29	56	57	25	30	30	28	15	55	15	56	49	11	16	31	38	41	32	10	58	8	5	49	32	33	7	53	37	60	28	42	55	47	15	25	46	21	4	16	7	24	58	20	47	37	29	14	20	2	56	51	25	15	55	55	26	26	42	31	9	13	37	30	3	4	10	28	40	19	19	18	54	21	45	28	54	32	26	3	35	14	27	23	9	4	46	50	35	29	13	23	46	47	54	60	60	2	26	1	57	59	2	55	41	35	44	37	8	50	47	10	10	60	30	29	
33	18	57	55	37	41	52	2	53	58	32	28	39	25	41	26	13	44	20	25	6	56	46	3	45	7	29	6	14	9	32	21	19	51	32	40	12	14	13	32	3	30	37	57	37	44	38	51	23	39	15	58	23	4	3	38	28	18	37	4	29	19	37	54	15	4	50	19	22	49	38	4	4	3	21	32	30	25	30	2	21	43	57	41	11	42	35	27	19	50	1	7	60	54	37	45	55	23	11	50	4	41	50	6	41	30	9	32	27	54	30	37	55	17	54	5	50	28	39	29	9	59	28	59	26	54	1	29	22	32	36	55	9	55	37	16	9	45	11	49	22	37	29	22	55	12	54	23	36	9	33	32	11	5	50	5	31	7	19	7	8	1	60	33	41	38	36	56	12	26	1	35	41	1	23	4	3	40	26	5	6	22	19	
53	11	22	17	27	27	45	28	12	41	37	38	28	31	12	4	32	40	39	30	34	41	25	30	39	31	9	10	22	39	44	2	26	44	37	40	39	13	22	10	37	16	10	19	8	24	29	34	31	24	26	30	57	18	22	32	31	33	50	25	3	51	1	57	6	44	48	13	16	49	52	58	35	54	27	11	20	60	27	43	57	59	5	40	40	17	40	54	10	10	16	6	25	2	39	59	43	14	11	20	17	27	26	40	9	53	44	53	28	21	49	18	12	44	17	5	23	6	10	37	39	56	13	17	15	3	45	19	16	58	35	30	2	59	20	28	35	15	22	9	60	45	59	19	56	12	36	36	42	10	16	50	27	33	27	14	26	50	15	13	50	53	14	14	23	30	38	19	14	3	28	40	4	40	9	34	19	33	20	17	2	12	42	30	
6	39	56	31	24	60	36	48	3	24	28	12	59	60	44	39	42	51	39	34	36	28	19	28	11	19	9	10	36	4	34	41	37	28	10	11	45	26	33	37	23	44	29	39	47	39	49	6	58	27	45	6	22	48	28	42	36	38	60	47	13	34	10	13	38	23	44	19	9	54	21	27	9	57	60	8	5	8	1	47	2	32	54	3	32	26	11	5	33	42	39	12	38	45	34	34	55	22	17	1	52	6	4	39	27	24	55	19	39	22	44	57	8	38	11	26	8	29	30	57	12	31	30	31	57	58	40	24	8	23	17	4	14	52	7	56	16	20	1	46	8	13	34	48	30	21	35	53	56	18	57	6	23	46	59	43	24	44	22	36	15	49	24	33	55	47	32	30	40	57	10	3	60	45	56	44	31	14	26	26	7	60	22	37	33	
1	14	12	10	18	17	44	6	34	11	17	3	22	47	6	56	48	36	24	16	49	25	46	38	40	48	3	19	21	8	23	59	23	31	49	44	34	12	10	45	17	10	21	24	30	55	2	21	41	46	48	21	1	10	54	12	23	5	33	55	5	45	12	30	32	34	39	15	39	14	41	2	29	36	38	23	15	38	50	60	11	42	47	32	14	5	23	24	28	55	60	25	42	9	14	32	23	15	9	25	11	38	56	37	54	8	51	41	39	18	25	48	26	33	47	1	39	50	24	42	8	8	47	2	47	58	56	32	9	39	51	34	56	28	39	7	34	34	56	9	28	9	58	32	20	2	43	32	24	45	5	15	44	28	6	1	44	6	58	47	44	45	29	20	33	37	38	19	15	18	45	27	45	50	14	13	3	24	44	18	41	31	46	58	25	33	
50	12	43	23	57	19	17	23	9	27	43	45	7	29	43	2	48	32	24	19	42	53	45	39	21	11	54	58	15	28	42	20	60	27	47	15	42	56	21	53	2	7	51	55	13	13	32	17	24	37	20	47	52	16	60	41	23	26	30	8	14	51	35	11	45	2	34	51	34	30	60	24	22	24	14	14	1	34	45	24	51	59	39	32	46	9	55	13	49	49	49	28	28	23	27	60	57	11	53	37	21	41	42	13	29	34	9	26	34	57	9	45	25	31	41	39	35	59	29	2	30	10	23	29	6	52	46	37	33	10	11	1	23	13	43	23	23	6	22	4	37	16	20	59	50	52	34	59	27	10	21	37	58	28	48	15	27	38	25	60	16	9	32	33	13	11	24	2	17	30	55	58	55	41	42	11	14	30	39	28	10	54	26	37	49	48	21	
56	23	24	29	4	53	47	46	45	22	21	32	60	13	53	52	12	49	39	4	2	5	57	33	56	26	17	36	54	21	13	18	12	6	2	43	49	26	38	36	1	34	46	8	60	14	36	43	46	47	29	34	41	57	56	13	30	37	10	25	44	33	13	6	19	19	17	18	26	33	1	20	58	40	47	58	25	37	7	44	3	15	24	11	49	31	36	26	49	43	19	20	39	58	28	52	35	10	28	60	32	55	37	42	58	57	60	11	50	38	15	3	9	45	24	18	16	44	52	30	47	39	36	54	54	59	56	24	19	36	51	36	6	27	37	31	31	52	49	25	3	1	35	36	31	46	7	51	53	19	52	59	35	17	22	25	17	25	52	11	31	59	47	42	52	41	41	38	9	58	59	42	24	11	3	40	57	13	19	6	37	56	16	4	58	34	28	19	
53	54	8	24	36	57	55	46	54	20	35	31	28	37	59	10	3	39	53	32	56	39	42	54	40	11	44	34	57	39	14	42	23	51	16	49	7	6	8	47	27	10	46	17	12	21	41	31	51	30	12	5	25	38	6	15	27	23	38	29	46	25	52	43	44	16	22	14	53	43	40	29	23	28	29	49	43	46	15	22	58	54	30	43	21	10	14	2	1	25	44	41	59	32	18	58	28	3	56	60	15	26	31	40	43	52	14	30	17	32	60	5	44	39	56	10	20	31	37	41	45	35	6	15	31	21	22	58	20	7	21	16	27	38	46	13	13	14	47	48	39	39	20	46	9	5	24	15	10	38	51	31	2	59	58	2	22	23	2	20	43	28	22	29	51	3	40	11	55	52	55	23	20	48	28	24	42	37	48	32	43	30	36	57	21	4	42	14	36	
24	54	34	41	11	15	23	25	51	5	39	58	37	38	41	22	53	19	4	41	51	24	5	32	12	29	34	43	45	36	13	40	43	60	55	10	25	7	5	58	45	57	31	30	31	28	28	9	41	5	35	56	5	53	53	45	37	22	5	46	47	38	50	18	55	20	28	16	40	34	36	38	42	44	39	4	1	55	39	39	53	42	59	50	24	37	30	4	43	54	19	52	33	6	56	39	55	14	34	53	10	3	2	49	21	8	32	57	48	60	55	58	41	54	51	38	27	35	34	9	22	19	18	47	8	33	34	30	43	6	12	21	9	14	37	17	47	51	25	19	10	40	35	52	53	51	35	5	49	60	59	37	20	52	57	17	31	18	52	51	40	25	34	22	36	44	53	28	21	36	38	36	42	38	11	29	58	19	3	25	13	42	17	6	31	30	53	9	22	45	

#Weights:

23	13	15	6	16	4	26	15	11	23	24	8	25	11	12	20	5	24	21	21	30	16	16	22	29	25	1	7	26	2	15	9	30	21	1	17	27	6	22	22	8	2	7	8	11	5	5	21	19	9	5	6	17	22	17	6	11	11	6	10	3	4	21	19	18	24	21	12	29	15	4	12	20	29	12	25	12	5	19	1	8	2	25	24	15	4	15	7	4	13	20	7	25	7	17	21	4	11	2	2	20	1	10	17	16	11	21	1	15	20	29	15	28	3	23	2	23	9	16	21	12	14	4	22	21	14	20	11	28	21	17	17	10	29	30	22	5	7	5	1	11	8	25	18	29	21	14	11	20	14	26	27	9	4	22	4	20	24	22	26	21	15	16	12	12	29	10	13	4	9	21	29	6	18	2	25	25	15	8	10	15	4	11	6	4	9	9	1	21	30	
99 #capacity

18 #k: cardinality

