#E-kQKP Instance:1

60 #n: number of items

#Profits:
43	
16	0	
0	0	0	
0	0	0	0	
0	0	0	0	0	
0	0	0	0	0	0	
21	0	0	0	0	0	0	
0	0	0	0	0	3	0	0	
0	0	0	0	0	0	0	0	0	
34	0	0	1	0	0	0	0	32	50	
0	0	5	0	0	0	0	0	0	0	0	
43	0	0	0	0	0	0	0	0	60	0	0	
0	0	0	0	16	0	0	2	0	0	0	0	0	
0	0	0	0	0	3	0	0	0	54	50	55	0	0	
0	0	0	0	0	0	0	26	37	0	25	8	0	0	0	
38	0	0	0	42	0	0	0	0	0	0	20	0	0	0	0	
0	0	50	57	0	0	0	0	0	0	0	0	0	0	0	0	0	
0	55	33	0	0	46	0	0	8	0	26	0	58	0	0	0	56	20	
0	0	0	0	0	0	0	0	0	0	0	49	0	0	0	0	0	0	0	
0	0	32	0	0	0	0	0	0	9	42	0	12	0	0	0	0	0	0	0	
0	0	0	0	0	0	27	0	22	0	26	0	38	0	0	0	0	0	0	0	54	
0	0	0	2	0	33	0	0	0	0	27	0	43	0	0	54	0	0	0	0	0	0	
0	0	0	14	36	0	0	0	0	0	0	14	0	0	0	0	0	0	0	15	55	0	0	
0	25	0	0	0	0	55	0	0	0	56	0	0	11	0	8	0	0	25	12	0	0	0	0	
0	0	0	0	0	0	59	0	0	29	0	46	0	0	0	0	0	0	0	0	0	0	0	44	15	
0	0	0	52	0	0	0	0	0	0	0	0	0	0	0	0	0	0	0	0	46	53	0	6	0	0	
52	0	0	0	0	0	0	55	0	0	0	0	0	0	28	0	0	0	11	0	22	0	0	0	0	0	0	
18	56	0	0	0	0	0	0	0	48	0	0	0	58	0	0	0	0	0	32	4	33	0	14	28	53	0	36	
0	0	32	0	0	0	0	0	10	0	0	0	0	59	0	13	0	0	26	0	0	0	37	0	0	0	23	0	50	
0	17	0	0	0	19	0	0	0	0	0	0	0	0	0	0	0	0	0	42	0	0	0	0	40	0	0	0	0	0	
0	13	0	0	0	51	35	0	0	0	0	0	48	0	0	0	10	0	34	0	0	0	0	44	0	0	0	0	0	0	0	
33	0	0	14	0	0	22	0	0	0	0	0	0	0	22	10	0	0	0	0	4	0	0	59	53	45	0	0	0	0	0	34	
2	0	0	0	0	0	0	0	0	0	32	0	0	33	0	33	0	18	0	0	53	0	0	0	0	0	0	0	0	0	0	48	0	
0	0	22	0	0	0	11	60	6	0	48	57	27	0	43	0	9	0	0	34	0	2	0	47	0	0	0	0	0	12	0	0	0	38	
0	0	0	26	0	0	0	4	28	0	45	9	0	0	59	0	0	0	0	0	0	0	0	54	0	0	0	15	0	0	0	42	0	0	0	
0	0	0	0	0	58	25	0	0	0	0	0	0	0	0	0	0	0	0	0	38	45	0	0	38	0	0	0	0	0	0	0	0	0	0	0	
0	0	53	0	4	0	0	0	0	0	0	0	0	0	0	0	0	0	0	55	0	0	0	51	0	0	0	0	22	0	0	0	0	0	0	0	0	
50	0	0	0	0	37	0	0	0	0	0	0	0	38	0	0	0	0	0	17	5	0	52	0	0	46	0	0	0	0	0	0	0	0	0	0	0	0	
0	0	0	0	0	0	0	0	0	0	0	18	0	60	25	58	0	25	19	0	0	0	0	0	0	33	0	38	12	57	51	22	0	0	48	0	0	0	10	
0	0	0	0	55	0	0	0	0	0	0	0	32	0	55	4	0	0	38	15	0	0	0	52	0	40	0	33	0	22	28	0	0	0	0	17	0	0	0	1	
41	0	0	0	0	0	60	0	0	0	51	0	0	0	0	0	42	48	50	0	13	0	0	0	0	0	31	0	40	52	0	0	0	0	0	20	56	57	0	0	0	
0	0	0	0	0	0	0	0	0	8	0	0	0	0	0	31	47	0	0	6	0	0	0	28	0	0	0	0	0	0	0	0	0	0	0	0	49	19	0	0	54	0	
0	0	3	0	0	0	0	0	0	31	0	8	0	0	6	54	0	24	0	0	0	51	0	0	0	0	0	0	0	0	0	0	0	0	0	0	29	32	0	16	0	0	0	
41	0	50	0	0	50	0	0	0	0	0	0	0	0	48	18	0	0	34	0	0	0	42	0	0	0	0	0	0	0	4	0	45	0	0	0	0	0	0	48	0	0	0	34	
16	0	0	0	0	0	7	0	0	33	0	0	0	0	0	0	0	47	0	0	57	35	0	0	0	38	47	0	0	32	0	0	0	0	0	10	0	0	0	6	0	51	0	27	17	
0	0	0	44	0	32	0	0	58	0	0	22	33	27	0	0	0	37	0	0	0	0	0	0	0	0	41	0	5	0	0	33	0	0	0	0	0	0	35	45	0	0	29	34	28	0	
0	0	0	0	0	0	0	0	9	0	0	0	0	10	42	0	0	0	0	27	0	0	0	0	0	16	0	0	0	0	0	0	0	0	0	0	0	0	0	0	0	0	0	50	0	8	3	
0	0	1	0	59	0	0	0	0	0	0	0	0	0	44	0	3	0	0	44	0	0	0	0	0	0	0	0	13	0	0	0	0	0	0	0	2	0	0	0	0	0	0	0	56	0	0	0	
0	0	46	0	0	6	2	5	0	0	0	0	0	0	0	0	0	0	0	10	0	0	27	0	9	0	50	0	57	0	0	0	0	0	0	0	0	0	0	0	42	0	0	0	2	0	0	0	29	
45	0	0	46	0	0	0	0	46	28	0	0	9	0	0	0	0	0	0	2	0	0	0	0	0	0	0	0	14	0	54	0	0	0	0	0	0	0	0	0	0	0	0	0	0	0	0	0	0	43	
11	0	0	0	0	0	0	0	0	27	0	18	0	42	27	34	0	3	0	0	0	0	29	32	0	0	0	0	0	0	0	0	0	19	0	51	31	0	0	0	14	60	8	0	0	49	0	55	19	60	49	
0	0	0	13	0	0	0	0	0	0	0	0	0	0	31	8	0	0	0	0	0	31	0	0	0	0	0	10	0	41	0	54	0	40	19	0	0	6	0	0	0	0	0	0	0	13	0	0	0	47	0	60	
0	0	40	0	39	0	44	0	9	18	0	0	0	0	56	0	0	0	0	36	0	0	0	0	0	0	0	0	0	0	0	22	15	0	0	0	0	0	0	0	22	0	0	14	14	8	0	0	0	0	0	0	0	
0	29	0	48	24	0	0	0	0	0	32	0	0	2	0	0	0	0	0	53	0	0	0	0	0	0	19	18	0	20	0	0	48	19	0	0	0	22	12	31	0	0	0	0	0	0	0	0	0	46	0	21	41	3	
0	0	0	0	0	0	0	0	0	0	27	0	0	0	0	0	0	0	14	17	0	0	0	0	0	0	9	0	0	21	0	0	0	0	0	60	0	0	24	35	0	4	0	0	0	0	31	0	0	0	0	0	0	33	0	
0	0	0	0	0	0	0	0	0	0	8	0	60	0	0	0	0	0	45	0	0	0	9	54	0	0	0	0	42	0	0	0	0	41	29	0	0	0	0	2	37	0	0	0	43	13	0	0	47	0	0	0	36	0	0	0	
0	0	0	0	26	0	0	0	0	0	0	0	48	0	0	0	0	0	0	4	2	2	0	0	0	35	0	0	0	0	30	0	55	36	0	42	0	0	0	28	4	0	0	0	2	0	0	0	8	0	55	0	0	0	0	0	0	
0	0	0	10	0	0	0	30	0	0	0	40	0	0	0	0	15	0	0	0	0	50	0	0	25	43	26	0	53	0	0	0	0	0	0	14	35	0	0	17	0	0	0	46	0	54	30	9	6	0	9	32	0	59	31	0	26	0	
0	0	0	23	0	0	0	0	0	0	0	0	19	0	0	0	32	60	0	0	0	40	0	0	0	0	17	0	0	0	0	0	0	0	49	0	0	0	0	0	0	0	0	0	0	0	0	0	0	15	0	0	49	0	0	0	0	28	13	
0	56	3	59	8	17	0	52	38	0	0	60	0	55	44	49	44	0	0	0	0	0	0	0	0	0	10	0	0	0	21	0	47	39	43	19	0	0	0	0	0	60	0	0	58	0	11	39	0	0	0	0	0	20	0	0	16	0	60	0	

#Weights:

18	12	18	27	7	27	7	18	16	16	26	19	20	14	15	9	16	11	2	14	12	21	29	2	6	16	1	27	30	5	3	3	7	2	30	9	10	7	26	24	12	13	30	21	19	7	3	23	4	4	19	12	2	19	13	13	21	14	23	1	
99 #capacity

10 #k: cardinality

