#E-kQKP Instance:9

180 #n: number of items

#Profits:
22	
22	7	
37	26	42	
25	7	32	51	
42	35	3	14	43	
13	41	22	35	12	34	
53	34	34	46	38	24	58	
10	12	33	44	35	49	34	24	
34	2	2	49	3	55	17	41	50	
56	27	59	52	27	29	25	3	48	13	
27	25	7	49	19	26	27	24	48	51	4	
20	8	36	41	54	60	21	12	33	27	45	9	
19	6	26	32	7	17	13	13	37	60	55	49	38	
19	31	60	22	11	41	9	46	26	51	12	24	36	17	
32	54	60	29	41	23	13	56	48	54	27	59	10	26	44	
60	16	10	57	2	38	45	8	60	15	41	16	20	15	53	17	
59	43	15	46	11	2	29	23	50	53	57	28	60	10	25	23	5	
2	43	18	29	8	30	28	51	17	56	21	30	35	60	15	7	39	5	
5	56	2	40	3	38	44	27	3	20	55	45	25	28	11	34	3	28	53	
57	31	58	48	31	36	10	47	27	25	25	27	4	52	14	13	43	54	27	43	
9	17	20	2	53	10	9	15	6	17	55	20	58	45	59	2	59	39	20	14	19	
4	45	41	25	57	48	4	33	14	39	29	54	27	52	22	9	45	23	8	17	7	33	
25	28	20	29	34	42	12	60	51	44	21	54	25	42	32	4	54	4	60	6	15	16	24	
35	17	18	57	25	16	23	49	43	5	14	14	21	5	47	6	32	56	14	10	6	1	2	15	
57	38	23	51	18	47	15	41	10	2	27	47	7	30	45	52	42	16	11	53	57	9	41	58	41	
5	45	47	52	57	39	6	51	32	56	31	12	50	9	10	29	59	32	18	26	48	41	1	41	21	50	
36	19	33	3	6	46	43	26	32	28	53	8	23	58	31	10	29	48	8	11	9	23	33	25	10	44	48	
9	60	34	45	6	12	11	46	12	25	50	34	11	39	33	1	44	1	46	2	18	3	55	45	18	35	46	44	
55	50	9	52	8	56	37	8	12	35	32	20	45	1	33	43	48	45	5	44	6	54	47	54	26	14	11	58	56	
29	46	27	40	57	26	10	4	8	45	6	12	53	20	31	48	52	27	41	19	43	29	18	60	41	29	43	59	18	14	
58	9	11	19	39	50	58	35	40	24	30	39	29	44	59	41	57	2	5	41	49	23	51	16	22	56	9	19	19	37	6	
17	20	15	22	16	58	55	20	60	1	58	14	26	6	43	30	16	17	24	46	44	52	26	17	21	28	13	37	20	44	5	60	
51	12	7	12	53	11	20	42	9	36	8	51	47	26	55	11	58	7	21	20	3	2	9	14	43	46	23	41	45	46	3	38	46	
39	46	3	21	33	50	19	38	10	16	35	36	26	42	13	38	12	41	4	47	41	42	25	29	26	46	47	1	25	27	51	14	36	57	
40	24	7	26	51	25	19	16	42	20	4	11	12	9	10	48	50	14	53	32	25	2	19	8	4	11	36	3	44	3	25	4	10	43	57	
31	53	47	19	9	28	10	11	48	48	30	34	1	2	46	9	2	35	16	9	22	44	19	43	47	11	51	25	42	4	20	55	47	45	43	31	
26	8	27	43	3	45	37	29	30	47	53	32	1	34	7	40	36	41	55	10	59	41	36	3	10	10	34	47	28	10	8	36	49	32	14	5	7	
12	35	10	22	24	44	52	42	47	56	50	36	45	4	3	46	22	10	13	36	19	22	26	36	11	6	44	42	51	50	57	32	19	45	51	31	27	6	
45	44	29	41	50	48	50	18	55	56	59	47	28	22	15	6	32	10	58	19	50	1	18	58	24	39	28	25	22	29	51	36	51	44	44	23	5	57	17	
5	54	7	59	49	24	3	17	10	47	33	41	50	38	20	39	8	35	41	30	29	59	20	45	7	27	21	43	16	36	16	48	20	52	17	25	55	55	41	12	
21	22	36	35	21	3	19	9	13	40	33	16	13	37	2	2	37	7	35	17	39	9	54	40	2	58	27	38	10	33	58	53	16	8	6	29	12	58	3	22	50	
60	52	7	59	6	25	57	27	52	11	25	40	15	13	53	27	21	14	27	15	52	47	20	54	12	5	36	12	56	32	48	40	21	10	18	21	47	44	56	29	6	31	
27	31	60	42	52	43	1	53	41	36	38	2	51	34	46	2	44	33	22	42	25	32	56	10	4	17	24	3	39	38	35	54	27	47	15	30	42	1	52	58	38	56	50	
5	2	22	52	55	1	17	33	19	59	15	59	40	45	25	59	19	16	45	18	54	17	48	18	32	39	3	47	51	23	53	34	41	59	14	9	49	12	32	9	35	18	1	51	
38	11	46	16	31	36	36	47	25	10	42	18	23	16	40	10	47	9	36	3	28	54	14	2	22	20	23	12	48	60	13	57	23	29	17	41	48	46	53	11	10	53	43	57	17	
11	49	23	12	53	38	54	50	4	1	7	24	36	42	46	41	34	8	36	55	11	39	11	19	49	60	30	19	17	12	27	31	28	12	43	49	5	18	38	56	40	31	52	49	26	56	
21	10	14	4	9	57	60	31	50	49	44	1	60	13	12	34	39	9	17	51	31	50	24	52	34	19	53	58	30	55	30	21	60	56	49	39	27	26	28	12	23	10	58	60	46	27	44	
48	18	4	58	15	49	32	46	22	55	49	54	27	24	30	49	12	23	41	38	3	43	36	47	19	43	8	10	5	43	1	39	21	40	24	35	15	4	16	52	29	7	1	42	44	51	36	28	
43	24	39	12	31	59	48	27	10	14	11	36	6	33	11	51	5	58	60	28	33	43	35	37	59	4	21	2	44	46	56	51	3	9	19	10	33	22	5	10	12	26	57	53	21	9	9	31	41	
43	44	38	51	55	43	5	18	25	5	5	42	32	4	25	27	42	37	42	32	12	21	22	33	14	14	20	35	9	51	38	19	59	31	57	8	18	55	32	28	9	27	38	38	30	9	8	59	18	34	
7	25	18	15	13	4	3	19	46	13	21	15	10	59	46	38	45	9	36	6	58	13	40	30	45	9	48	25	45	29	15	41	54	23	48	53	51	6	11	51	46	16	39	59	7	4	13	57	45	33	11	
3	29	29	1	19	53	25	17	33	24	23	26	39	27	12	44	12	3	20	6	42	53	35	25	2	3	2	4	11	41	8	11	7	25	45	9	48	43	38	19	48	54	55	40	45	9	60	28	18	55	48	4	
1	13	24	52	9	33	34	44	40	3	51	12	43	54	38	35	44	49	19	28	56	46	13	4	37	1	37	40	53	39	54	33	13	43	48	43	3	48	49	50	40	9	31	52	23	32	4	9	48	32	4	49	6	
7	35	37	59	59	9	46	11	25	49	59	36	37	40	49	5	32	59	28	19	28	12	28	40	40	32	20	33	38	39	51	6	51	28	22	2	34	30	19	36	9	12	58	44	47	38	34	24	24	1	32	51	25	3	
23	55	49	39	21	53	43	50	34	51	54	24	10	10	37	12	1	60	36	51	26	14	27	47	45	37	36	27	42	2	45	37	19	4	36	12	50	19	37	22	52	23	52	40	27	33	40	17	13	38	5	23	55	57	27	
52	59	33	55	16	59	8	51	57	56	26	60	29	48	17	28	22	56	22	20	6	21	8	49	28	31	21	57	10	6	44	59	1	48	57	3	44	44	32	15	25	38	6	19	38	45	39	54	29	24	42	10	41	22	17	48	
47	29	32	25	30	2	16	27	33	38	46	16	42	3	5	58	57	41	34	52	50	29	41	16	49	23	39	46	56	41	7	55	40	2	10	28	32	7	9	53	8	17	18	18	56	37	35	5	23	15	18	22	4	12	28	25	60	
4	30	49	17	53	26	20	55	36	31	49	49	20	59	2	37	49	57	11	35	11	21	44	5	19	38	13	27	49	54	19	40	16	21	24	7	46	38	18	7	1	33	16	32	46	3	16	27	14	42	8	25	4	50	1	25	21	45	
8	48	18	26	56	24	45	45	46	42	16	42	33	10	33	25	27	26	29	12	56	57	55	14	42	34	54	21	32	10	24	41	51	30	30	2	40	59	29	21	29	28	60	59	43	40	36	49	45	57	27	23	40	45	45	30	17	9	33	
43	50	52	18	19	3	6	51	4	46	34	42	50	42	38	10	29	18	7	35	59	34	34	14	29	60	49	20	26	7	50	59	24	59	17	32	33	35	33	3	4	57	59	54	29	50	7	59	40	59	41	45	35	9	9	15	36	34	15	6	
24	14	40	17	16	46	55	32	24	48	51	55	22	26	10	43	2	16	36	9	16	19	54	14	47	46	54	25	50	56	16	21	23	52	28	56	19	52	29	17	52	7	24	11	35	59	27	20	18	35	22	43	15	58	14	6	11	10	49	29	24	
16	19	23	34	4	49	50	10	8	35	15	17	45	7	47	42	7	2	59	36	14	1	6	45	46	58	32	18	23	12	11	14	5	3	25	59	29	1	12	44	18	5	46	26	53	20	45	2	54	7	47	36	36	52	43	23	21	58	22	15	60	51	
7	43	17	32	47	23	4	56	46	7	40	19	56	16	47	43	16	45	19	1	59	10	53	56	58	8	55	46	51	14	51	2	21	55	17	3	4	18	49	20	22	49	11	54	57	31	41	5	22	42	52	55	19	30	32	11	42	16	15	31	16	51	35	
42	27	11	5	26	1	10	54	17	11	37	60	14	55	9	8	39	6	9	46	23	13	7	17	43	40	49	57	38	3	49	11	42	52	38	29	16	19	24	35	24	30	40	27	14	1	57	46	30	3	17	25	25	34	14	48	41	51	33	10	53	4	42	59	
24	46	41	53	35	25	53	2	4	43	28	11	4	31	36	20	34	32	23	58	47	43	26	39	52	57	48	30	60	18	24	40	56	15	2	33	57	57	18	35	17	23	24	58	34	4	43	3	45	22	58	26	60	17	50	43	17	54	1	32	14	12	41	49	47	
38	18	32	36	39	15	19	51	41	5	33	5	24	8	47	13	39	18	28	50	23	5	21	3	24	48	40	12	15	26	52	46	42	48	15	23	51	13	15	39	37	1	6	52	2	51	43	15	8	54	46	17	31	57	43	23	17	46	16	46	25	55	10	40	35	28	
59	46	17	4	38	56	25	10	60	55	28	49	52	23	36	40	31	17	35	14	19	50	44	46	24	2	1	13	46	6	51	56	13	7	16	3	60	44	53	35	39	4	24	8	40	10	4	4	34	15	28	31	5	56	35	21	7	41	35	20	50	42	29	7	28	42	3	
14	36	38	50	37	11	55	25	35	13	53	39	20	44	27	49	22	18	55	40	46	60	56	13	23	29	50	22	38	35	58	56	3	29	35	55	39	7	22	45	32	56	58	51	8	35	29	26	21	15	57	3	47	44	24	55	50	15	53	28	44	42	8	22	17	57	30	55	
4	31	45	21	6	13	9	26	39	47	23	9	37	7	5	38	17	47	46	10	5	33	56	38	14	9	53	54	58	14	27	55	48	37	14	50	27	18	21	3	11	46	29	55	32	42	25	2	25	30	37	38	18	59	3	38	50	10	53	4	58	10	5	11	16	54	47	45	45	
23	11	25	9	28	36	3	33	22	55	20	45	2	48	13	7	55	29	42	2	9	6	55	58	33	25	59	2	6	42	20	21	57	32	37	10	30	46	28	43	49	7	49	5	54	15	53	23	14	32	40	42	20	58	30	32	4	34	35	42	39	3	51	36	29	4	15	21	46	32	
51	16	2	18	49	43	59	43	3	4	46	52	11	8	22	21	17	3	32	20	5	2	31	12	26	13	11	50	12	53	31	7	51	24	35	55	10	51	51	40	14	39	5	49	4	1	35	8	30	36	47	49	2	55	29	60	13	49	21	6	29	27	26	45	60	54	8	47	3	22	31	
40	57	27	15	41	2	32	52	14	48	54	38	39	53	46	60	17	54	20	13	31	52	52	51	42	11	9	23	32	7	13	11	44	18	11	55	29	43	52	41	59	46	3	45	41	50	16	9	17	14	1	6	29	41	12	53	4	9	42	48	16	27	32	26	22	14	49	18	10	60	33	45	
24	25	30	8	42	38	21	33	41	53	37	29	49	4	29	27	7	30	25	20	43	48	37	54	57	47	40	9	21	28	5	32	29	3	57	6	3	21	36	30	53	18	40	38	59	27	25	45	20	49	39	45	21	24	2	34	49	9	41	57	27	21	60	2	43	31	42	42	10	46	11	30	8	
15	10	5	14	41	12	4	39	57	8	11	13	36	51	24	9	44	39	33	8	52	4	23	49	41	36	10	30	49	24	11	44	12	56	20	8	6	47	24	26	31	9	20	10	27	11	43	6	19	51	51	2	46	49	26	52	52	55	21	44	14	33	40	16	12	18	1	57	37	22	29	1	43	1	
25	57	7	32	41	51	6	48	47	52	60	13	9	25	56	24	33	23	26	37	5	18	46	38	13	55	24	22	53	32	46	51	36	50	9	58	21	46	28	13	34	25	31	40	24	15	21	49	29	25	2	37	34	14	19	2	25	38	13	36	23	6	57	16	43	10	3	37	22	23	50	21	21	41	2	
36	3	16	15	19	23	51	2	49	13	20	50	11	59	1	53	11	35	20	46	40	41	43	36	19	46	49	39	8	3	51	5	19	7	47	11	52	37	12	21	7	31	8	25	4	21	41	36	33	59	9	24	3	34	57	16	57	28	58	52	32	45	43	50	4	42	56	30	1	10	59	47	27	48	42	15	
16	3	50	55	49	15	49	9	58	53	4	21	2	35	11	34	57	58	14	17	53	34	44	23	23	11	34	57	39	20	18	23	52	39	5	2	13	6	45	51	3	9	19	37	48	57	18	42	45	38	18	55	53	3	3	8	28	21	44	57	17	39	48	47	4	45	23	15	1	4	38	30	47	31	27	36	14	
27	8	9	37	3	49	37	27	55	10	30	26	54	20	38	38	17	16	28	54	52	51	25	41	43	50	8	46	30	54	6	45	21	45	10	52	13	39	7	55	53	22	45	32	54	43	3	44	19	31	60	8	34	27	21	40	13	24	13	12	30	51	46	30	52	30	13	10	23	41	29	26	8	26	29	26	35	53	
20	34	22	52	7	52	29	52	26	46	33	22	38	16	27	13	21	31	39	36	41	36	51	53	2	51	23	55	20	4	52	57	11	18	60	21	12	26	60	54	7	17	23	38	52	15	40	49	36	45	15	52	2	52	20	27	11	47	35	31	13	5	51	48	46	4	43	48	14	3	12	15	24	58	37	53	17	57	41	
8	58	8	7	52	7	7	53	53	55	26	39	48	34	41	32	11	7	25	27	57	41	30	22	59	31	32	51	15	29	44	10	4	4	56	28	20	26	38	27	29	27	6	44	37	41	43	19	14	37	38	26	3	8	7	30	13	3	9	29	11	51	26	15	42	54	26	13	37	12	23	49	38	23	15	19	51	59	2	29	
57	53	21	47	17	60	5	33	45	42	4	10	12	47	57	58	7	32	32	18	59	22	34	10	26	52	60	43	42	57	24	50	41	16	29	43	39	42	18	39	55	55	26	22	47	38	47	9	3	4	34	17	22	53	25	11	21	59	17	2	9	37	16	28	57	13	45	13	38	47	43	10	26	20	38	20	10	59	17	46	52	
49	51	51	50	41	33	25	53	55	21	25	12	7	32	27	14	37	19	49	2	16	31	15	55	5	45	13	21	37	51	53	41	7	24	21	5	59	12	15	41	6	14	29	7	47	8	29	48	23	3	37	57	34	47	20	59	17	47	19	23	10	52	29	55	30	34	16	7	46	2	14	33	18	6	57	57	17	47	51	42	59	41	
9	45	55	30	59	37	32	59	24	39	53	27	43	57	8	8	55	13	3	3	32	54	12	27	39	59	11	7	57	26	24	21	56	31	10	43	30	43	4	22	20	57	56	33	28	4	20	15	44	19	15	15	36	52	34	9	11	10	12	16	35	47	37	50	25	18	36	34	26	10	37	15	52	13	43	38	30	14	3	12	60	52	8	
60	32	12	17	58	31	4	14	31	18	3	1	12	24	17	33	19	36	42	5	35	22	57	13	10	36	37	58	53	41	55	26	60	9	53	34	7	30	3	58	2	41	44	32	46	59	10	38	6	1	59	47	7	37	16	10	32	22	30	7	55	51	60	48	13	9	3	22	46	57	18	29	51	7	43	39	54	1	48	9	2	12	30	17	
3	39	47	29	13	37	31	31	22	43	10	48	53	24	13	44	22	56	16	52	52	45	28	3	12	23	8	40	55	46	5	38	32	24	59	46	15	4	55	13	56	13	40	35	50	49	1	33	36	19	38	28	35	5	51	40	25	34	47	2	16	17	34	42	13	56	40	46	46	38	12	53	53	53	2	40	3	29	49	5	17	31	5	55	50	
1	27	26	20	53	32	42	15	53	2	48	28	57	44	18	35	58	37	25	34	2	45	48	53	16	26	42	55	30	49	43	50	36	47	47	7	8	1	43	51	45	28	6	15	18	26	18	13	1	26	21	33	54	56	12	33	16	3	6	58	12	33	30	32	17	26	49	57	56	45	18	27	46	58	6	34	41	42	12	3	3	3	1	35	51	9	
4	45	49	13	16	58	39	29	5	31	16	58	9	16	16	13	27	54	11	22	2	48	13	51	37	57	9	51	6	3	23	28	18	26	46	5	50	32	38	25	49	11	11	38	48	14	41	6	17	39	26	58	57	50	43	54	57	21	55	42	5	31	18	36	24	41	43	48	5	56	2	7	46	44	7	16	43	54	10	58	15	56	5	28	36	35	37	
52	48	46	1	60	37	25	58	16	3	5	33	59	45	4	30	47	33	16	51	43	36	42	2	28	27	50	19	29	23	44	6	35	18	52	51	1	24	11	53	14	59	60	45	6	36	48	58	53	12	47	11	47	54	28	50	21	19	41	1	59	6	12	16	39	24	55	56	41	35	26	23	33	27	48	37	35	58	29	60	15	37	59	50	17	4	24	38	
8	49	36	51	26	28	21	24	13	2	25	14	10	46	20	49	60	52	25	18	55	25	5	29	6	17	26	36	9	14	37	31	20	7	56	14	50	21	8	58	22	41	32	48	42	28	40	36	15	30	32	60	23	52	42	19	31	46	15	50	49	10	55	10	51	58	8	15	30	42	23	55	44	35	48	37	31	49	33	10	11	18	50	28	52	17	36	22	33	
38	45	50	18	7	4	48	16	26	34	46	44	56	44	52	53	22	60	54	16	31	27	55	27	59	25	25	7	11	24	58	36	19	41	1	9	51	20	35	21	47	44	11	31	43	30	2	15	19	54	59	19	36	25	32	3	1	1	16	57	55	7	7	26	18	43	41	47	21	44	35	48	22	22	56	1	27	18	21	20	2	58	14	37	35	38	3	38	29	48	
10	19	10	54	24	20	3	38	1	58	51	32	45	38	8	30	30	5	39	43	34	41	4	54	26	35	49	53	21	19	43	19	27	37	12	47	3	28	6	27	18	5	34	18	42	5	22	26	27	4	60	2	25	31	56	54	56	35	23	26	34	39	10	51	53	58	3	46	2	18	56	54	24	46	34	54	43	21	36	45	13	34	37	8	40	26	49	12	58	45	45	
3	15	2	46	11	51	22	51	59	21	59	4	29	16	58	32	12	15	25	18	58	18	29	49	48	35	51	45	37	13	54	41	19	24	26	58	8	2	48	42	18	11	56	27	24	51	2	4	11	59	46	43	5	36	44	30	46	20	12	25	38	35	6	58	16	59	20	46	46	52	39	1	58	45	10	57	31	53	27	19	58	38	40	57	54	2	59	18	49	57	14	5	
25	33	44	17	5	20	40	32	30	58	28	43	58	38	22	57	33	57	8	46	58	15	50	10	2	35	55	2	24	42	7	4	3	52	47	30	11	55	21	50	29	10	20	33	46	51	54	39	28	18	37	46	29	28	9	24	53	40	17	16	40	21	2	9	2	14	58	1	10	16	6	39	20	24	1	58	11	27	46	60	15	48	42	39	55	38	28	36	5	19	51	47	41	
9	41	2	4	10	1	33	42	42	56	11	48	1	31	52	23	14	7	50	44	50	45	14	43	33	26	46	12	51	55	5	5	57	30	21	26	5	23	8	49	18	44	44	46	42	54	11	24	14	50	28	50	17	41	56	27	37	47	49	54	41	36	10	55	29	50	17	4	54	9	40	8	47	39	58	28	57	16	43	5	7	40	55	27	42	3	39	53	19	32	37	15	28	43	
1	18	25	21	45	18	37	38	43	36	37	2	59	43	56	5	44	25	14	13	50	13	26	49	45	38	12	59	12	34	19	27	31	60	16	50	9	23	26	60	35	28	28	50	7	48	14	17	18	8	15	29	47	51	13	22	37	56	33	15	9	52	19	58	13	44	20	57	46	2	54	48	59	19	42	41	44	55	4	15	52	53	17	31	39	7	11	30	17	27	9	4	5	33	35	
44	24	49	4	24	14	60	30	27	21	3	20	21	34	36	29	7	33	5	36	11	25	15	19	8	28	42	31	47	12	50	30	51	37	39	12	42	56	2	55	30	4	27	24	17	11	49	51	53	10	48	22	24	14	26	54	49	55	58	36	34	33	16	30	40	54	56	48	18	1	22	24	2	35	15	6	2	44	27	20	44	46	9	23	11	23	55	48	8	29	19	41	10	42	50	9	
39	40	37	47	11	4	8	44	53	1	40	41	45	24	45	28	15	13	3	34	53	22	13	46	60	25	39	13	35	2	29	25	6	7	54	45	29	58	22	43	19	31	52	35	23	15	4	53	42	57	34	3	7	13	57	4	10	16	5	6	5	26	42	13	50	29	59	18	23	43	48	45	12	19	32	19	57	8	55	49	18	24	45	34	21	11	14	45	51	38	4	25	7	60	8	52	58	
9	56	34	46	18	15	47	9	50	29	59	16	4	27	14	56	33	1	54	42	17	42	19	50	36	14	14	40	22	10	47	14	35	16	52	8	32	60	57	4	52	36	15	26	48	8	48	48	32	51	34	11	8	21	24	29	47	50	32	33	31	41	31	22	23	59	60	28	44	36	53	14	20	46	28	6	6	57	11	36	60	32	32	47	60	54	34	46	24	54	59	37	53	12	60	30	60	38	
33	35	43	54	41	22	11	38	48	39	31	40	51	58	21	15	32	16	57	3	41	18	36	8	26	35	60	60	59	51	33	42	17	7	3	35	28	58	49	21	15	15	19	51	40	8	29	38	27	16	11	11	56	10	11	31	42	57	2	21	44	14	47	36	28	9	50	19	39	12	59	34	7	53	40	36	9	48	58	19	19	60	25	38	35	49	35	47	10	32	5	57	6	23	42	20	20	13	26	
3	26	1	55	35	48	21	54	31	44	22	12	17	37	36	38	4	53	15	5	25	30	59	31	59	52	44	28	11	52	31	14	29	53	11	45	58	45	45	7	4	24	17	33	25	41	26	28	4	3	58	1	18	2	16	54	6	32	36	55	42	32	38	13	12	18	11	19	26	17	42	44	42	55	25	53	27	49	38	57	30	41	18	53	17	1	33	28	47	19	12	21	43	39	26	4	49	43	48	3	
60	18	42	17	12	20	24	26	56	38	6	37	58	55	33	52	39	58	3	24	13	52	28	11	18	40	56	4	6	30	43	24	29	32	44	13	30	20	18	38	49	45	22	55	7	17	30	20	8	8	31	35	36	40	9	7	19	48	54	33	15	37	34	43	6	48	10	12	37	30	12	1	34	1	13	19	23	42	23	26	13	38	56	16	2	7	57	48	60	29	55	60	52	7	42	24	11	54	28	40	12	
24	32	49	8	8	43	53	34	15	46	57	56	53	9	52	43	6	5	60	9	47	4	54	42	23	39	46	1	27	31	21	53	54	24	17	52	2	1	5	51	21	49	6	60	9	43	43	26	33	16	54	21	1	44	41	43	30	8	34	40	12	7	27	39	30	60	6	35	45	41	2	16	9	16	41	3	38	33	4	17	41	21	50	36	21	54	45	28	30	37	47	11	9	54	2	57	10	55	48	10	17	30	
41	6	3	42	5	45	24	56	36	58	29	14	40	23	31	15	2	47	22	43	19	50	29	21	54	12	31	3	4	22	5	28	31	25	26	59	7	53	45	57	44	44	19	51	46	40	2	41	4	8	51	60	2	43	37	41	38	32	51	56	15	8	58	9	13	3	45	31	18	16	59	60	60	52	17	26	33	47	9	57	14	11	48	19	41	27	29	51	59	53	31	42	14	44	23	37	43	3	12	60	29	21	13	
42	51	17	56	37	24	16	24	12	37	20	50	7	30	34	55	55	26	17	40	14	52	51	34	43	3	42	46	23	43	16	38	45	9	7	34	47	47	34	51	34	50	2	11	54	9	30	51	48	1	52	32	59	15	17	43	43	44	41	21	21	41	56	3	13	35	19	55	38	21	37	37	38	21	2	47	31	7	23	6	11	10	16	26	12	9	1	42	57	27	9	18	24	59	58	59	26	1	24	59	6	23	49	58	
18	38	54	44	39	45	11	9	3	42	34	10	12	44	50	10	4	22	15	42	40	39	12	56	49	56	6	4	43	13	59	10	1	40	12	42	39	16	28	15	60	27	27	11	4	4	16	13	15	34	19	24	16	55	52	29	55	10	5	12	59	58	44	27	41	44	11	7	11	37	38	22	58	2	29	15	48	34	43	50	51	23	32	39	24	49	27	19	41	6	53	23	20	49	37	36	45	27	2	21	40	40	56	4	32	
17	9	60	49	40	37	22	37	52	16	13	11	15	13	36	46	3	20	48	14	19	11	9	41	56	43	4	59	9	16	3	3	23	52	24	40	2	29	50	1	38	2	30	5	23	34	23	19	58	57	27	3	18	49	36	28	31	30	44	16	14	18	33	44	11	38	1	57	9	56	43	7	6	31	5	42	49	38	60	60	34	57	15	12	41	41	32	15	31	53	21	49	60	24	16	12	60	44	12	46	50	38	30	34	47	47	
53	25	20	36	56	5	38	10	16	11	6	47	4	53	3	58	57	9	21	6	55	3	40	4	2	25	35	41	19	53	30	6	6	35	1	54	35	57	55	32	18	29	60	27	9	27	7	19	42	60	16	19	23	23	47	13	48	60	43	56	56	8	33	51	32	11	34	47	15	7	28	60	24	18	34	48	19	51	7	3	1	33	19	34	42	6	26	57	10	14	8	13	42	26	43	26	7	53	56	9	54	6	42	47	47	24	8	
49	13	38	31	6	10	13	22	34	50	55	50	42	5	48	36	37	27	52	52	44	21	47	34	6	32	30	44	29	43	55	57	55	52	33	2	46	55	38	16	40	26	54	12	35	50	23	46	50	25	4	33	38	26	44	57	27	60	17	40	37	55	51	46	2	6	9	48	38	7	43	37	51	2	23	44	37	54	7	56	8	23	40	37	42	38	3	24	40	32	2	42	41	47	11	49	31	55	14	26	48	43	54	49	55	57	44	41	
18	3	15	54	11	58	43	53	58	36	56	29	12	45	10	24	22	14	33	15	27	58	8	57	23	28	51	8	60	30	15	36	29	23	45	43	46	50	38	51	54	2	2	39	29	40	44	58	46	56	20	2	38	32	30	55	50	30	8	5	58	2	47	14	13	6	43	37	5	17	6	16	37	29	53	43	6	17	27	2	18	28	32	19	57	48	32	14	38	3	1	44	27	57	4	9	13	16	9	6	21	6	38	7	53	3	20	33	8	
47	5	12	27	34	47	7	37	8	20	13	54	22	35	48	30	3	38	14	48	38	58	26	23	54	4	25	55	33	49	10	6	18	39	39	47	13	39	42	46	55	1	1	54	56	23	46	37	7	30	60	12	29	51	40	13	2	43	56	58	35	8	23	57	42	9	35	38	41	34	10	7	28	14	30	37	42	19	30	8	40	46	10	35	42	20	26	13	24	46	24	53	58	37	37	51	40	35	57	25	15	48	12	43	46	54	41	39	2	50	
47	2	7	49	35	52	16	46	17	25	29	57	28	5	11	60	20	34	58	33	8	27	32	21	38	9	33	11	53	17	6	41	14	3	49	59	4	52	35	22	14	14	3	55	41	11	8	2	47	5	26	27	22	20	53	8	34	23	5	8	47	11	49	38	29	59	56	28	53	55	35	28	35	48	4	55	59	34	36	57	58	22	59	47	59	56	19	41	55	23	57	16	16	27	23	60	24	50	55	55	43	44	18	45	20	25	18	30	16	24	41	
19	28	35	28	27	56	21	5	3	27	42	11	4	17	33	18	27	17	40	33	47	38	52	51	28	24	45	39	31	20	4	4	59	11	19	26	6	43	8	60	46	48	27	39	33	8	55	9	18	56	5	52	17	13	52	55	2	23	34	25	19	14	22	57	37	56	8	59	51	17	33	1	27	59	4	7	60	38	58	52	46	33	2	26	17	39	30	6	34	51	12	22	4	32	50	13	36	41	55	3	42	14	55	14	34	10	23	18	19	35	14	58	
27	50	48	22	36	15	48	41	55	11	12	31	10	57	7	9	1	18	54	24	43	38	31	41	37	3	55	19	28	44	41	12	19	19	44	20	39	59	9	36	18	59	47	17	49	54	13	42	6	53	56	26	26	3	10	39	11	32	32	20	51	22	33	28	8	23	21	17	38	6	27	30	57	6	42	21	8	21	52	38	6	14	46	9	45	23	38	28	6	48	58	23	39	10	54	59	17	57	9	40	26	47	32	6	32	34	54	35	59	54	54	40	15	
29	47	51	60	36	50	43	9	46	21	17	16	20	5	35	16	6	31	1	4	12	36	27	35	34	13	7	44	40	19	14	27	58	27	59	26	4	56	28	32	19	16	47	14	15	11	31	37	20	1	48	33	17	22	38	2	35	9	11	33	15	22	44	43	12	27	37	59	46	52	2	23	6	27	34	58	23	56	36	21	50	58	12	50	19	36	23	59	58	9	1	13	7	13	52	51	43	30	4	11	13	12	5	52	49	48	38	14	12	49	42	44	42	38	
30	21	21	33	26	19	3	35	24	46	39	45	26	52	54	34	25	31	27	39	52	3	53	41	19	17	44	57	29	17	24	52	3	41	52	25	46	7	44	53	57	51	19	42	32	39	58	43	14	1	4	58	36	36	20	54	56	19	50	49	39	25	30	40	28	11	39	46	55	49	57	49	34	50	27	9	7	39	38	46	55	24	1	6	57	51	7	13	57	23	48	40	2	42	12	34	17	44	14	26	35	18	26	11	19	7	8	18	1	10	55	32	48	14	38	
30	11	40	11	40	34	49	31	28	58	38	24	9	53	57	27	28	46	7	26	19	44	29	44	30	38	14	20	57	12	42	3	55	16	21	1	34	15	57	8	13	54	48	53	56	57	7	25	28	7	58	41	36	11	41	47	25	57	40	7	43	55	20	2	13	37	17	34	2	38	45	60	58	48	11	5	17	32	30	22	25	60	45	56	23	18	14	48	9	4	40	32	43	22	20	24	53	22	21	34	15	33	47	55	26	39	56	4	44	38	42	10	27	11	58	34	
50	30	48	38	59	52	51	41	40	31	55	8	16	53	3	42	27	21	7	9	27	17	7	41	6	20	2	7	15	41	13	36	41	2	29	47	51	19	28	2	59	32	13	50	2	6	8	27	5	39	19	5	59	20	47	49	53	6	19	24	9	7	55	7	4	57	39	46	15	15	34	18	38	39	28	18	36	53	9	9	12	46	51	39	40	18	23	47	52	27	36	32	7	47	59	25	51	18	1	35	32	54	5	35	45	21	3	41	3	58	18	50	3	28	59	23	4	
19	17	49	33	55	55	57	11	42	2	21	42	59	5	11	33	47	28	52	13	33	17	35	44	53	5	34	55	48	20	24	10	45	36	2	48	6	27	10	28	38	48	43	45	56	58	59	22	2	17	59	60	20	15	18	23	1	37	59	17	5	43	51	7	25	51	4	29	42	34	40	43	26	18	22	55	22	50	52	60	27	18	47	9	24	32	27	58	26	56	41	22	4	53	42	36	23	1	15	27	31	57	39	10	16	6	14	36	10	14	58	12	29	17	25	54	50	29	
7	58	57	49	46	15	7	11	9	36	11	9	30	54	33	36	31	50	14	20	25	32	44	43	10	45	19	4	12	34	23	37	43	22	32	13	26	36	20	26	7	31	32	1	55	60	40	29	15	55	42	8	50	19	7	1	8	57	15	27	20	53	32	29	59	25	26	32	27	32	18	4	57	60	6	23	8	16	55	48	47	55	39	13	14	7	59	22	10	7	35	8	9	50	45	27	28	46	5	48	16	58	28	32	28	16	24	43	60	47	2	54	48	53	52	13	39	2	55	
45	2	13	4	56	22	25	23	36	18	17	36	16	10	40	28	24	21	32	7	36	58	46	48	22	19	50	59	43	22	29	57	6	55	13	23	16	39	52	20	29	1	46	38	13	3	54	33	28	33	41	9	51	14	31	22	49	58	4	55	7	46	48	40	36	31	47	31	5	23	21	36	46	14	36	60	32	39	37	6	44	33	7	9	23	42	48	56	4	15	6	54	32	2	36	54	35	42	26	9	12	15	8	27	52	27	47	29	35	34	2	34	58	59	46	33	40	17	19	53	
56	12	59	15	54	56	51	17	6	21	18	24	57	34	13	57	37	13	12	58	56	40	34	18	51	3	10	34	5	4	57	8	54	22	42	2	40	7	8	47	53	21	47	3	19	37	4	29	39	3	52	60	42	11	53	16	3	8	42	44	47	12	13	3	12	53	40	20	7	27	34	36	17	24	13	56	30	26	38	52	45	8	49	57	17	57	49	3	31	23	13	40	54	10	46	20	42	47	11	11	45	22	19	31	10	16	59	7	48	25	53	24	19	7	26	60	16	53	49	46	4	
8	1	60	59	44	36	7	31	17	8	36	38	35	3	14	11	58	53	38	46	2	7	8	1	56	3	13	36	28	10	38	18	18	53	12	38	37	21	34	59	31	23	41	1	6	9	52	18	28	27	28	25	28	22	18	54	19	60	44	7	24	18	16	9	33	45	36	13	20	22	23	16	18	46	30	47	3	58	12	55	27	8	15	23	55	4	17	5	15	20	12	5	42	9	46	34	53	3	54	43	35	29	41	51	50	31	49	17	37	42	42	57	28	32	56	13	32	45	46	56	28	15	
42	6	11	60	12	26	52	30	31	18	30	9	49	30	33	35	3	5	29	51	15	16	44	33	46	35	44	36	23	12	51	47	10	57	53	45	38	43	33	4	39	26	4	24	9	34	9	4	43	21	8	59	25	42	8	45	2	39	12	38	2	40	57	39	22	51	30	1	15	10	27	52	60	56	59	25	21	27	6	20	16	27	56	22	27	2	31	20	27	2	17	51	3	7	16	34	51	46	36	55	42	31	17	26	56	56	46	8	1	35	15	9	36	48	47	19	21	40	55	21	20	24	2	
29	53	60	56	37	57	12	55	30	47	24	57	10	6	37	40	45	37	59	39	20	59	26	21	11	11	6	34	1	13	40	28	19	4	8	55	45	43	17	1	36	12	43	35	19	35	36	43	27	11	59	24	30	16	51	33	23	48	15	38	28	39	20	8	55	23	40	54	14	7	11	27	4	56	4	41	17	44	32	17	1	14	20	28	2	49	50	52	57	44	56	1	30	7	53	40	1	48	50	36	1	44	26	52	56	4	42	18	37	32	54	14	29	23	38	8	23	56	10	14	57	43	51	27	
6	11	16	33	35	18	5	32	42	22	45	38	40	19	53	22	35	6	24	3	14	60	3	3	48	33	23	21	52	42	59	21	52	7	30	19	24	55	1	32	28	15	4	41	20	34	13	38	14	7	56	23	15	10	53	27	26	7	36	12	28	54	28	12	14	26	49	19	46	21	46	26	26	58	19	18	44	35	40	16	16	11	33	58	25	53	52	52	24	19	58	36	20	36	54	41	12	51	27	33	8	22	39	31	1	7	55	54	12	6	60	48	31	25	9	12	35	19	7	60	31	18	15	39	36	
30	25	18	1	13	57	10	30	13	13	16	25	2	44	38	22	47	33	59	12	14	7	56	7	57	30	31	56	9	43	44	56	39	7	47	53	18	32	11	27	43	11	2	37	5	60	10	9	33	14	14	40	43	44	59	47	59	53	4	23	45	25	46	27	49	49	25	12	20	55	29	28	49	27	29	4	5	60	52	56	24	41	3	39	53	16	28	60	18	55	26	58	54	22	34	49	29	18	56	19	15	25	40	23	21	47	58	26	34	14	14	53	36	8	32	1	45	20	38	7	38	52	13	52	32	38	
4	9	38	15	29	38	53	30	6	27	46	51	34	17	6	39	60	5	59	6	20	54	49	20	18	42	29	40	1	21	41	40	49	41	53	26	21	28	17	14	34	38	52	57	50	32	15	4	14	38	8	15	32	1	32	15	14	10	37	17	57	33	48	32	11	51	48	22	1	21	37	16	6	14	27	14	46	9	20	16	28	25	38	3	45	59	10	28	42	55	6	4	33	4	48	11	13	15	36	5	46	52	26	44	2	9	5	48	47	1	46	38	18	26	47	53	29	47	49	32	34	59	30	50	46	60	52	
37	15	21	60	2	27	13	55	7	11	42	31	15	17	28	25	6	30	35	50	4	19	50	6	30	45	27	32	19	21	53	9	45	40	43	24	13	37	56	4	34	18	50	50	47	3	53	15	28	55	2	56	49	1	50	33	20	3	31	57	30	23	46	28	53	5	56	8	1	6	28	33	50	9	38	41	44	48	23	5	24	59	39	1	36	57	46	12	6	34	12	5	49	7	21	20	19	17	49	51	18	6	9	17	32	58	56	55	2	28	15	17	48	19	25	18	40	9	16	45	58	39	42	37	19	3	25	54	
47	58	30	50	4	24	25	19	34	8	55	46	10	60	59	40	56	50	8	41	44	41	47	10	55	36	50	24	42	29	15	38	6	3	35	10	58	21	11	21	52	5	7	18	24	49	26	56	56	45	35	5	59	23	51	51	57	42	45	35	8	39	28	53	34	31	9	17	17	8	54	45	45	11	52	1	30	40	33	1	28	38	3	7	25	27	52	54	3	41	39	4	42	40	34	5	58	57	30	26	7	5	57	39	28	4	36	17	9	26	53	29	60	29	15	27	52	1	36	8	49	43	34	32	13	46	28	56	34	
27	11	10	41	49	13	21	56	27	5	41	42	47	6	54	25	46	54	41	18	11	38	37	39	13	55	35	23	28	38	21	9	4	33	19	33	26	21	30	29	29	54	15	9	49	38	22	36	4	34	12	29	4	11	20	43	43	30	31	6	3	52	52	44	50	35	25	20	59	56	60	34	15	35	43	36	50	25	56	23	35	33	5	48	55	11	33	48	54	8	21	24	12	53	12	2	14	48	44	30	35	17	35	17	27	50	15	34	27	8	22	4	27	4	51	6	19	15	23	23	50	22	40	30	58	54	41	39	54	4	
36	47	46	8	50	29	16	9	45	31	40	58	45	20	21	9	49	29	16	24	3	42	60	24	59	6	5	32	51	6	57	19	60	2	14	32	33	24	54	20	2	6	29	15	50	56	19	58	9	57	55	11	31	38	53	21	7	18	44	21	29	4	29	4	8	46	30	30	1	12	8	56	38	24	58	26	44	16	12	34	9	18	29	24	19	11	41	36	51	8	8	12	43	36	36	43	9	29	59	10	41	31	3	6	7	15	32	12	2	9	38	36	38	59	48	51	27	23	26	6	60	45	12	60	17	58	28	36	21	50	52	
58	53	21	46	28	22	49	39	10	1	6	38	42	25	16	41	7	49	23	38	18	60	55	12	26	21	57	35	49	24	55	13	5	8	32	22	28	4	46	17	60	22	38	16	8	22	19	28	9	55	35	31	25	41	21	36	35	30	25	10	45	54	31	18	5	43	32	60	41	12	40	18	28	58	18	17	30	11	20	6	3	50	24	55	45	42	28	3	57	2	26	9	14	38	16	18	34	28	2	42	36	53	11	31	12	18	24	10	22	51	53	4	7	3	10	6	10	13	12	46	8	49	49	24	13	54	27	37	5	53	1	15	
13	50	1	31	17	49	39	29	33	25	18	18	52	60	6	32	35	2	19	23	5	32	60	52	17	22	24	47	15	35	21	9	44	24	32	54	40	28	18	56	19	50	50	15	58	5	8	27	46	36	28	49	12	20	41	26	36	25	35	39	37	17	9	51	10	19	35	40	16	17	49	26	14	50	11	58	48	17	3	48	52	28	30	38	12	18	55	3	6	6	50	25	35	6	34	15	48	36	35	48	40	24	49	30	48	48	8	59	22	59	50	40	51	39	56	37	13	51	49	54	9	57	21	9	25	57	15	50	59	48	7	2	33	
50	10	16	23	21	9	10	15	49	32	38	5	14	50	7	34	13	28	60	28	25	50	21	7	15	13	9	30	42	4	14	3	43	46	51	23	50	34	37	39	59	7	55	60	54	32	2	25	39	45	53	55	27	32	59	20	37	14	32	53	46	43	43	46	58	14	59	58	9	58	30	40	50	33	17	59	7	49	50	27	43	46	49	14	38	34	46	39	33	30	4	23	20	42	10	59	34	44	5	16	8	13	12	39	34	59	4	21	57	30	51	32	4	15	49	3	15	3	6	18	10	57	54	44	58	36	26	8	35	34	28	5	37	52	
13	30	8	56	48	18	49	53	30	39	50	56	51	23	43	13	13	37	11	46	37	41	27	10	27	3	41	58	30	56	22	11	9	57	40	53	13	34	56	26	28	21	53	33	31	56	59	11	40	26	54	46	58	34	16	25	4	42	3	34	22	54	48	28	20	15	53	48	1	41	32	32	42	57	25	20	51	47	12	8	9	13	9	36	58	22	2	23	55	16	48	52	31	22	43	23	41	31	54	6	2	53	48	53	12	51	33	29	4	36	41	22	53	30	28	53	59	51	12	31	29	47	39	28	24	16	42	25	41	5	23	46	15	32	36	
16	30	54	13	42	36	47	54	8	26	14	29	33	44	38	59	12	33	29	20	14	40	13	27	45	56	3	20	16	4	27	56	13	19	34	21	50	9	31	39	48	41	22	60	15	21	9	24	59	45	18	30	17	16	13	53	60	18	4	48	40	16	10	3	43	7	47	48	35	25	16	51	1	42	8	13	41	57	8	25	24	9	40	54	52	20	3	27	20	19	3	43	13	44	30	57	50	46	30	46	45	5	34	2	20	51	23	42	53	17	13	45	54	16	31	50	21	48	14	56	57	60	22	26	28	35	27	39	7	5	2	19	37	20	38	8	
26	24	34	19	35	58	22	45	25	43	28	11	32	30	45	42	11	21	12	55	19	4	52	10	23	13	6	15	2	26	44	8	20	47	23	41	10	1	17	58	9	32	60	5	43	30	30	2	57	49	11	21	2	37	30	39	55	47	15	32	25	39	15	34	30	36	47	18	44	47	1	58	37	51	44	57	29	48	35	3	15	7	37	24	25	3	40	34	23	8	49	20	8	31	46	23	21	31	4	20	55	47	1	20	13	45	28	8	36	12	44	15	38	11	28	58	20	36	14	55	35	58	59	37	11	36	41	42	19	24	34	5	50	53	58	13	34	
38	50	17	12	52	60	42	44	47	60	22	59	17	32	24	22	9	12	34	51	43	37	26	38	56	33	49	45	39	37	15	57	33	50	38	7	42	53	19	36	14	55	12	41	29	53	36	12	48	5	17	21	26	23	21	37	39	45	26	51	28	56	38	46	49	24	59	13	22	8	48	3	43	36	31	23	36	9	13	41	1	57	1	51	42	16	53	32	56	40	16	17	15	50	54	59	46	50	43	34	31	27	60	50	36	17	15	12	19	37	24	29	7	36	55	48	44	29	47	15	43	18	46	49	39	35	51	55	17	3	27	55	1	41	60	28	15	29	
14	15	24	54	58	50	18	50	2	49	49	29	20	4	43	44	46	48	31	12	29	45	25	1	15	45	7	39	46	7	48	33	11	33	16	5	8	34	18	49	46	52	49	37	32	15	30	19	14	36	24	26	47	11	27	31	60	57	42	51	6	31	1	42	8	26	40	54	38	48	30	26	3	5	50	28	48	16	57	27	31	18	34	14	37	38	17	43	25	4	13	32	10	33	34	30	57	5	20	13	17	9	22	42	16	5	7	45	29	43	32	34	16	54	33	52	44	24	39	54	18	4	29	24	35	21	20	36	50	54	20	58	19	52	46	39	29	23	53	
51	11	9	39	24	5	33	14	15	20	29	30	47	22	27	48	41	42	12	53	36	7	21	11	37	32	53	46	3	45	8	55	44	24	6	13	10	50	13	7	8	52	3	31	11	54	21	54	21	51	27	29	5	18	21	13	44	7	43	40	38	29	30	55	55	21	41	50	2	37	57	51	18	27	14	34	32	9	44	26	22	60	10	31	35	29	6	43	5	42	39	34	49	31	46	21	51	54	50	14	55	24	27	50	41	41	11	46	22	32	28	2	53	40	35	9	27	52	33	36	50	23	20	10	34	17	2	55	56	13	15	38	5	46	2	32	53	34	56	20	
51	25	49	13	30	9	46	33	12	21	58	51	21	16	24	2	48	9	4	24	14	18	9	40	12	49	11	53	33	58	6	48	54	59	6	3	21	59	5	52	55	60	40	46	5	37	42	41	7	56	47	13	8	29	6	7	11	41	51	19	58	28	22	7	57	60	11	26	19	3	32	6	6	57	38	23	30	39	28	14	42	10	38	55	58	58	7	40	50	59	56	47	54	44	59	31	48	34	60	4	2	37	7	46	33	44	56	31	35	56	34	38	37	29	49	28	53	17	29	31	37	31	16	38	55	42	27	46	4	55	10	40	25	46	47	45	16	41	27	8	24	
45	43	53	53	13	36	20	11	37	36	11	52	29	6	46	17	20	57	42	15	52	59	13	35	23	21	2	38	46	9	39	6	38	55	34	6	6	49	16	18	46	3	13	25	28	47	6	38	2	55	49	56	44	54	21	22	4	54	19	19	41	49	26	50	40	27	19	23	51	53	22	49	17	46	44	34	12	9	3	18	32	28	53	20	59	16	21	28	31	30	48	55	26	16	9	22	23	54	6	7	38	21	25	2	24	31	8	18	1	37	37	33	48	28	23	24	14	53	19	37	15	29	55	51	60	14	14	37	23	56	54	55	46	8	53	51	41	20	38	1	27	37	
47	30	34	34	13	45	37	23	59	23	41	2	1	30	48	19	36	49	26	11	10	11	35	2	28	26	31	18	31	40	44	44	58	13	28	18	13	59	36	48	56	49	22	54	38	5	24	26	59	54	10	15	19	58	12	14	40	1	10	37	24	52	23	15	4	11	38	25	23	28	12	40	17	13	59	29	8	10	4	15	34	41	27	17	24	24	10	37	13	10	5	22	45	7	9	19	39	43	44	22	16	15	59	34	33	4	37	29	5	58	57	39	9	46	11	16	26	4	36	10	42	38	45	49	7	7	28	22	18	33	7	41	42	28	55	2	47	21	59	44	43	51	58	
50	36	44	50	42	28	22	15	58	23	55	29	40	42	46	48	18	34	9	7	26	31	33	49	39	56	18	41	34	40	13	3	19	47	60	16	18	15	45	6	38	16	20	29	13	36	60	40	13	56	22	2	8	21	34	13	33	44	3	15	42	54	31	11	16	24	2	49	22	13	18	35	47	23	9	1	7	42	19	2	17	41	32	52	44	35	35	60	49	23	9	32	11	4	39	16	59	33	24	9	5	6	20	48	53	10	20	48	34	39	23	12	3	10	47	50	37	12	30	11	42	25	49	56	37	29	32	27	56	58	48	8	12	11	52	9	20	16	44	46	43	28	41	53	
38	47	41	26	6	3	38	46	16	43	12	54	43	45	22	12	60	28	45	43	16	31	59	41	26	52	41	26	6	57	46	6	14	55	45	18	45	30	11	56	19	25	11	35	19	12	52	56	1	13	15	35	36	23	46	58	5	3	22	17	21	58	10	45	43	5	26	9	36	2	57	20	50	10	59	49	50	10	19	33	42	52	10	41	19	9	10	37	56	17	44	7	57	24	7	25	33	17	35	46	28	42	43	38	33	57	26	26	22	53	54	37	3	58	37	57	31	21	14	51	15	5	2	58	29	13	48	36	30	27	44	22	48	31	5	19	25	14	23	9	54	43	29	23	53	
49	45	52	15	43	58	29	59	51	49	21	6	44	22	3	33	47	36	60	42	12	55	30	36	19	31	32	42	41	23	3	31	24	40	39	51	18	46	60	32	46	6	53	58	49	55	45	4	7	32	57	14	16	16	20	53	56	22	23	29	30	49	48	50	25	50	23	58	14	33	52	17	7	7	35	34	48	39	57	7	28	40	48	8	13	8	26	21	17	41	55	8	13	39	19	12	22	43	8	9	55	51	46	25	29	39	34	28	51	2	14	57	3	23	60	7	51	28	39	37	40	55	40	2	50	51	42	33	9	60	55	51	26	36	25	56	4	35	2	38	40	36	32	10	58	45	
3	55	59	60	10	5	19	57	14	59	4	48	12	34	59	42	19	9	55	47	20	4	35	16	17	57	27	46	60	54	55	25	13	34	54	14	7	56	36	45	39	18	33	36	11	59	24	6	57	13	21	52	53	8	43	40	27	10	14	25	19	40	54	16	35	51	42	26	40	33	30	4	25	4	54	17	14	34	9	48	30	32	27	36	19	38	51	13	45	24	37	38	10	9	49	29	52	59	58	13	45	8	48	37	23	36	7	46	10	32	34	4	25	32	21	13	56	2	19	29	43	25	24	57	54	20	8	21	3	56	38	22	7	5	15	12	45	18	16	40	22	24	39	35	35	47	15	
57	13	7	4	36	15	48	16	9	36	27	21	10	28	17	23	50	15	34	1	38	50	58	3	41	26	17	43	41	22	44	29	60	20	46	27	48	28	40	34	47	21	10	2	7	41	31	22	19	25	45	30	24	15	47	39	53	55	13	46	20	54	43	53	35	30	38	41	44	60	46	3	10	56	10	39	1	57	35	56	33	11	2	57	60	31	21	53	39	18	46	33	37	50	32	9	20	59	39	38	46	32	45	51	6	27	36	7	16	1	57	5	25	4	44	4	52	6	1	51	10	5	44	46	11	25	34	39	46	44	34	7	54	39	57	50	27	18	23	43	13	4	31	21	13	40	15	2	
24	14	31	10	36	13	46	22	26	34	15	39	27	27	50	29	29	31	41	20	37	44	5	34	9	41	54	26	15	1	10	38	36	22	58	34	34	23	17	50	34	10	35	13	10	51	8	5	1	16	14	55	34	50	58	29	45	18	32	39	46	22	2	13	28	56	9	48	55	47	8	53	22	1	35	44	30	45	26	23	33	35	55	40	56	59	19	18	25	34	18	17	58	41	58	6	4	4	16	56	49	40	36	34	54	54	36	26	50	6	16	43	33	8	21	4	6	30	41	38	53	24	5	7	38	3	3	1	8	22	4	35	11	41	43	45	27	17	52	26	22	29	59	21	34	47	55	22	48	
59	56	42	6	34	43	27	29	29	14	14	34	48	27	48	21	11	33	57	36	7	16	49	55	55	51	23	56	32	55	33	28	34	35	34	48	4	55	44	1	48	28	47	36	52	59	4	46	54	58	51	46	38	17	56	30	38	6	7	6	49	22	16	33	37	25	8	10	59	50	25	20	44	25	14	34	46	39	45	39	59	18	39	35	21	42	24	9	19	13	40	35	27	7	55	53	14	35	6	6	16	16	28	18	25	41	30	42	45	10	7	39	8	49	12	23	31	58	33	58	53	10	7	11	59	44	20	33	32	23	46	46	30	58	60	19	27	25	11	22	37	45	22	38	47	23	43	35	21	21	
6	36	28	24	1	3	31	20	50	16	19	13	17	54	29	36	19	48	12	5	1	28	27	46	52	25	23	22	35	10	6	27	20	20	5	12	27	52	18	52	54	59	47	20	55	32	42	57	41	41	58	20	3	38	37	5	48	41	32	8	50	44	24	27	57	7	9	2	41	35	50	5	18	32	18	58	42	31	46	40	54	21	33	53	9	31	34	21	44	39	18	49	16	37	51	57	20	32	54	18	16	5	22	25	38	55	22	46	17	54	31	18	45	55	4	17	8	21	8	8	40	44	40	12	23	20	46	2	34	31	51	21	38	16	30	19	26	5	30	12	24	42	32	25	7	43	19	23	59	38	26	
5	7	27	15	37	54	35	1	3	21	10	58	12	12	1	53	10	42	19	39	47	26	18	23	5	16	16	22	28	45	47	39	4	14	1	49	55	5	17	44	41	10	44	58	19	19	13	40	23	41	46	47	55	49	25	8	38	44	31	56	1	31	16	24	16	16	37	46	35	7	16	26	40	57	24	54	47	25	27	43	54	46	6	37	21	31	28	31	12	11	55	33	37	17	54	28	1	5	45	14	31	17	13	31	33	48	45	49	1	7	54	21	25	31	7	35	24	36	25	14	43	58	9	26	37	34	25	52	35	37	19	30	53	18	2	20	47	51	59	43	56	12	13	14	55	15	14	45	44	5	44	60	
7	13	58	2	50	44	41	29	27	25	28	35	13	35	33	52	41	4	46	21	5	14	31	55	46	57	32	42	34	11	24	18	15	23	31	25	10	23	52	20	1	34	4	50	2	10	30	4	57	59	45	43	34	54	13	28	4	19	45	16	7	35	38	14	23	3	47	55	43	39	40	9	59	32	12	3	50	7	46	3	38	56	59	44	10	48	31	48	59	10	7	36	40	6	2	51	20	41	37	7	28	2	56	40	26	41	4	14	39	11	32	55	54	39	27	55	20	48	41	19	29	24	6	15	45	50	21	43	57	17	58	5	21	47	53	49	29	40	48	20	57	52	5	46	11	56	46	29	37	42	19	11	44	
13	3	40	56	50	3	53	58	25	2	33	13	19	14	33	16	1	15	53	19	34	2	52	56	51	34	44	44	19	22	35	28	43	28	8	56	7	17	36	59	43	42	10	37	51	4	56	11	56	37	39	51	37	6	14	49	30	11	44	47	44	50	9	43	7	4	41	11	18	13	58	16	31	48	57	16	17	22	40	30	12	15	19	49	48	16	38	34	58	59	9	6	10	49	56	37	23	11	8	34	50	29	56	20	32	54	36	14	47	27	6	11	21	51	40	48	9	26	27	29	60	55	7	24	49	55	5	42	53	49	31	7	48	1	36	55	54	28	41	47	23	11	37	56	7	51	50	13	7	11	34	28	30	41	
27	7	36	32	50	26	5	13	21	1	54	25	10	15	3	25	22	10	4	33	39	37	8	10	18	34	47	59	33	56	16	39	38	3	8	30	27	12	53	48	32	25	59	45	8	55	46	3	29	51	46	22	43	27	54	31	29	51	6	10	60	34	18	24	41	37	40	50	47	55	13	48	44	44	52	31	3	17	58	35	4	34	1	54	56	52	29	3	20	27	58	31	43	21	51	40	21	53	32	45	24	41	46	43	31	1	26	27	50	26	17	38	8	47	39	15	57	3	47	37	16	49	53	10	2	3	25	41	36	36	17	37	2	30	58	20	35	16	20	13	21	45	45	58	35	39	46	7	10	33	6	25	4	45	49	
24	50	27	44	58	55	30	15	9	30	18	16	34	42	59	41	40	46	21	27	48	21	4	60	17	10	32	56	13	29	22	44	6	41	25	43	1	44	2	44	46	58	9	29	7	14	1	35	17	16	24	23	50	41	53	31	41	42	52	15	44	25	21	48	45	22	1	60	14	8	3	20	1	18	9	41	28	42	29	8	6	5	52	58	1	29	38	5	34	13	44	33	32	41	49	43	13	55	10	29	39	3	58	60	56	48	34	57	55	57	5	57	9	45	5	45	49	47	33	38	24	27	42	18	25	47	2	37	47	31	44	13	34	58	13	55	17	54	12	16	47	3	23	48	37	45	36	2	2	1	30	11	28	13	37	10	
30	8	37	33	17	17	28	37	11	38	35	53	6	35	40	22	30	2	4	7	50	37	10	29	23	4	41	10	59	53	5	25	24	50	22	36	46	54	36	47	25	28	53	2	17	55	43	7	3	45	23	21	39	28	27	34	48	7	41	18	54	18	22	53	41	6	48	9	15	2	39	58	42	17	56	21	52	45	22	26	13	14	47	37	28	13	49	4	58	29	10	16	9	45	35	35	19	28	14	25	9	28	3	16	48	8	19	18	15	10	25	3	59	25	23	24	13	48	3	53	60	37	59	48	5	43	48	40	41	32	4	22	46	48	8	4	58	37	18	9	3	9	20	23	45	27	36	21	47	29	1	32	34	39	5	50	25	
58	50	40	27	45	6	54	55	46	42	8	52	30	21	1	1	24	49	17	45	38	16	21	59	42	17	16	6	22	39	43	41	5	34	14	48	59	19	52	18	49	17	40	1	54	3	50	50	31	7	26	54	52	38	22	49	21	41	46	39	51	26	43	38	36	57	38	37	6	56	44	32	13	11	1	2	48	32	37	1	12	48	28	46	12	12	20	55	14	49	26	43	21	37	37	53	53	48	34	29	19	7	49	37	2	40	38	41	43	12	17	48	17	12	4	13	58	5	15	48	48	12	34	46	57	14	19	28	43	41	8	48	1	10	47	46	60	17	34	36	7	40	19	51	16	19	40	12	12	41	12	12	27	10	8	57	37	12	
31	40	4	10	59	31	26	48	5	21	54	31	28	34	11	60	14	41	37	19	19	51	35	13	3	25	29	6	37	27	38	52	25	18	23	58	38	39	42	14	44	9	56	19	8	31	56	39	19	11	6	7	51	9	53	46	42	14	45	25	53	5	53	46	6	1	38	25	22	1	7	41	32	35	26	45	20	46	25	33	13	52	31	52	44	48	47	49	34	53	41	50	17	17	25	30	44	23	49	25	23	18	59	15	44	12	57	9	25	15	59	60	27	39	17	56	48	10	10	50	18	35	6	14	42	32	4	41	22	44	9	52	47	13	28	56	32	58	48	48	53	51	9	18	29	32	15	58	53	14	33	37	46	27	51	24	3	4	4	
22	24	39	12	6	23	54	34	57	37	58	24	55	30	14	9	33	49	19	60	33	29	37	15	26	13	16	56	10	60	12	6	14	26	34	17	16	5	9	51	60	24	57	32	51	8	55	47	27	46	47	14	11	42	40	22	32	16	32	45	28	1	38	54	42	26	6	36	32	6	60	24	20	3	9	14	40	1	13	28	23	30	47	32	9	19	57	37	18	22	49	21	40	54	17	17	56	22	51	7	53	46	26	24	50	25	23	32	35	41	24	53	15	30	46	4	9	11	35	58	30	19	28	24	21	50	5	20	24	5	14	18	16	30	40	15	44	50	38	5	43	60	13	13	49	1	45	60	30	14	58	59	35	44	59	7	19	5	54	9	
27	60	16	41	28	18	17	12	34	6	17	22	54	55	25	24	19	40	6	26	42	38	43	60	12	41	29	37	48	28	13	11	35	4	38	24	38	53	56	32	39	45	30	44	41	10	32	9	15	5	30	24	40	38	43	32	6	9	60	14	35	44	30	20	15	42	3	49	33	38	10	18	46	1	50	29	11	4	16	5	23	12	54	28	51	52	60	53	1	31	46	30	46	59	52	10	11	34	33	52	23	5	13	27	8	36	43	56	2	32	56	23	31	5	58	6	58	32	53	32	51	51	46	31	13	39	26	36	52	1	27	41	27	58	20	30	22	30	37	13	21	26	4	36	8	37	10	51	41	39	19	26	22	41	41	60	52	55	1	23	53	
8	48	45	43	8	38	50	56	58	52	31	21	35	49	19	30	15	56	42	50	6	28	21	28	59	24	12	51	12	51	21	59	48	13	32	6	59	40	29	44	46	44	4	51	57	52	53	23	43	6	56	12	1	60	11	11	44	41	15	37	14	60	38	52	17	37	56	23	48	42	22	23	31	11	25	52	55	22	33	36	8	60	59	45	58	26	10	10	17	50	11	26	17	3	5	16	19	48	50	4	45	2	39	53	10	21	48	49	55	51	22	28	47	49	24	21	41	48	34	56	60	30	29	38	34	14	45	40	18	7	17	40	8	58	18	18	33	55	20	41	33	48	5	24	35	26	37	49	40	38	20	5	24	1	3	14	4	24	10	15	6	29	
58	14	33	9	31	28	57	38	13	49	47	45	53	35	29	33	13	22	36	17	31	23	22	36	40	5	40	31	34	59	54	3	7	40	34	48	56	37	28	39	46	35	5	5	44	31	15	34	14	12	19	2	32	9	31	20	37	12	48	22	1	24	50	18	48	55	23	24	28	33	3	38	23	19	43	23	26	57	57	48	20	9	34	6	36	53	25	30	15	49	57	55	36	31	6	32	5	49	28	47	17	54	43	3	16	57	18	59	33	33	24	53	5	23	58	4	33	48	14	6	16	60	5	55	7	40	47	36	31	57	58	21	58	26	55	55	14	14	20	34	32	27	11	20	11	49	17	29	23	9	36	49	46	10	18	17	42	31	52	42	53	43	4	
11	12	36	29	32	5	34	35	41	56	52	44	56	12	47	22	12	56	55	56	35	19	37	57	22	5	43	37	44	16	15	42	7	52	5	1	45	43	60	38	32	34	17	59	3	10	11	42	27	28	60	38	34	5	23	54	20	38	4	6	25	10	20	44	48	23	22	16	51	1	3	25	41	55	54	30	18	52	1	53	34	3	34	23	19	7	23	14	27	3	11	50	59	11	18	57	50	38	17	7	47	38	15	26	2	28	9	19	23	25	8	40	35	21	22	44	33	44	32	54	3	12	42	34	22	52	17	37	46	56	49	37	47	19	57	19	37	19	50	52	37	37	12	5	42	59	22	60	49	4	58	60	32	51	7	40	35	48	22	5	3	9	38	39	
25	8	26	34	52	24	5	2	46	54	38	26	39	41	28	40	14	19	33	32	47	23	30	38	57	59	45	48	37	51	28	22	8	36	43	49	41	42	25	5	33	51	55	58	46	26	24	26	53	36	19	33	20	2	25	44	52	1	1	32	36	5	17	40	16	23	11	58	2	3	46	30	1	46	9	8	1	13	56	27	21	32	2	9	29	8	32	60	20	30	52	41	59	45	7	60	8	24	36	29	4	5	3	1	1	44	47	49	21	22	44	34	37	26	33	11	3	51	19	19	28	60	37	17	59	43	10	30	60	23	14	46	38	58	52	55	5	51	45	24	20	53	56	27	29	42	5	36	8	37	47	52	28	57	17	47	6	40	40	38	28	16	31	9	15	
6	42	51	23	42	60	49	37	44	34	39	56	2	28	40	20	15	31	5	23	48	9	2	33	48	23	23	33	48	1	48	37	23	54	50	2	54	33	60	25	2	45	47	59	5	49	54	22	25	5	11	6	45	51	19	41	30	23	10	31	19	40	1	55	17	1	34	20	4	1	48	21	44	10	40	29	18	46	25	44	32	29	33	48	4	29	38	32	33	14	50	57	8	51	39	48	49	7	20	1	4	52	5	4	20	7	39	54	51	38	34	8	24	29	9	53	52	18	22	19	6	45	31	42	26	16	34	40	18	28	50	18	32	10	12	2	57	11	47	15	30	9	52	40	30	28	58	41	29	54	15	9	47	47	26	26	46	21	27	52	44	9	14	54	14	32	
8	25	52	9	4	10	42	38	16	56	48	31	51	52	37	58	23	22	24	47	48	31	41	54	56	35	20	17	13	51	49	43	37	56	6	2	58	50	4	18	60	50	53	28	45	57	19	20	48	42	8	11	58	32	57	21	52	25	48	60	40	53	37	40	19	33	24	49	56	24	9	32	40	30	27	46	44	16	50	32	46	29	17	21	12	7	52	15	8	47	15	50	22	41	29	19	53	37	51	22	58	21	59	5	20	24	33	19	18	17	32	50	28	41	26	25	47	53	60	43	20	22	19	18	1	39	58	20	3	7	10	22	53	47	36	52	8	4	34	10	25	40	47	10	3	52	35	52	10	1	40	21	60	23	31	8	12	27	47	36	54	15	9	40	48	20	3	
46	20	21	10	3	59	38	21	45	15	60	6	11	51	21	21	13	34	59	5	55	42	2	53	6	4	60	16	21	6	12	50	53	31	7	48	33	58	56	60	20	44	51	3	58	38	53	13	6	28	49	48	7	49	53	2	15	4	35	18	18	20	9	7	25	37	10	1	60	33	55	34	27	4	3	42	34	16	26	8	37	37	49	11	49	59	5	29	36	55	52	55	30	42	15	31	50	14	11	9	57	14	59	11	47	11	28	9	60	21	45	34	37	2	47	21	36	24	26	12	16	58	58	44	34	11	47	3	25	26	45	9	39	23	21	19	57	21	46	24	35	42	13	3	38	18	5	30	44	4	32	46	28	52	28	8	15	15	31	46	29	58	40	28	45	39	23	7	
54	30	46	4	12	11	25	60	16	12	28	2	58	56	7	57	54	43	49	34	43	53	25	15	41	34	35	4	56	33	27	21	2	28	32	39	13	38	15	14	50	17	14	48	7	21	30	56	54	50	17	4	52	18	48	28	3	33	47	17	17	50	36	7	42	9	31	35	22	52	37	50	16	33	4	56	8	23	21	6	50	29	30	8	13	21	45	59	54	21	47	4	46	46	9	24	59	9	3	18	11	52	55	56	11	35	43	59	49	12	4	14	35	37	20	10	42	26	17	45	28	32	43	14	35	52	34	7	16	14	14	52	60	18	46	17	58	35	41	23	55	50	40	48	48	28	25	19	28	45	34	36	35	26	40	2	60	36	60	48	53	2	42	39	22	3	41	52	29	
59	33	28	43	35	46	17	51	36	20	43	57	45	7	33	4	5	32	17	20	35	29	5	32	29	7	35	18	19	22	21	10	42	53	17	51	34	7	18	48	4	55	58	20	42	13	50	35	1	18	41	59	42	24	49	56	33	39	12	16	17	30	20	8	51	32	3	49	27	43	17	24	52	17	25	54	60	38	7	13	7	51	14	29	23	22	18	7	42	15	34	58	60	24	60	1	29	30	23	43	52	23	16	15	27	54	38	48	32	46	42	45	5	35	48	18	57	34	16	22	29	30	1	3	45	46	54	10	36	8	24	32	43	41	25	1	6	10	20	37	29	17	55	6	37	30	19	51	41	27	16	36	9	36	42	24	22	3	1	57	16	25	50	12	39	43	39	19	15	26	
2	53	47	58	11	28	49	9	31	7	56	59	4	19	5	39	37	41	14	60	37	42	18	28	60	9	4	37	50	9	56	56	45	20	1	37	12	29	60	17	34	38	19	44	19	27	3	27	20	1	51	46	18	20	58	55	3	34	37	50	17	2	11	19	5	49	60	35	25	56	6	3	42	28	43	23	18	9	13	28	56	12	24	7	59	41	39	24	23	37	35	20	28	28	47	27	48	29	23	39	50	14	17	39	50	25	11	8	18	49	51	12	51	17	13	22	13	23	36	31	51	15	41	53	11	50	15	14	56	47	18	41	15	57	36	49	14	47	7	8	45	27	17	54	32	52	58	3	26	36	42	41	7	42	44	59	11	21	44	35	33	7	49	53	57	23	12	54	14	32	43	
7	24	3	53	29	3	54	13	8	37	44	39	40	6	53	22	23	1	5	17	50	53	56	16	11	6	54	44	10	54	19	19	59	37	8	21	10	38	33	1	20	19	57	34	39	13	46	39	38	13	18	27	38	56	35	25	50	24	7	33	19	33	5	1	17	45	46	54	33	12	57	8	9	21	56	21	31	47	52	38	38	45	13	49	3	46	47	22	9	6	18	18	54	15	19	58	52	48	1	21	5	26	29	50	39	10	47	27	40	4	47	29	15	8	53	2	58	27	20	17	14	10	22	41	50	24	11	11	60	51	54	39	38	3	56	52	18	2	28	53	27	1	19	36	50	50	58	18	2	16	7	4	20	18	56	24	15	28	52	15	25	1	56	41	32	51	31	44	19	26	22	41	
17	35	35	16	55	24	23	45	35	31	27	23	9	14	25	6	29	23	23	1	33	50	11	15	59	20	6	35	9	29	18	15	43	30	43	54	52	20	13	22	17	39	60	7	49	4	59	58	43	32	21	43	23	38	24	47	1	1	33	31	40	35	5	11	25	56	39	19	30	53	51	33	48	13	9	6	60	12	44	45	45	26	44	47	13	48	44	37	28	48	8	24	16	44	28	52	52	48	8	6	52	25	6	11	6	42	39	54	48	22	38	26	52	43	3	29	23	49	25	2	6	42	40	32	24	56	4	52	58	14	56	4	26	2	57	46	53	28	25	45	21	50	4	13	7	3	13	2	9	20	6	21	9	14	20	22	37	5	32	39	5	18	50	39	16	7	4	20	8	53	43	22	41	
51	19	40	50	45	23	23	7	29	56	49	60	58	1	45	40	5	9	55	41	10	27	12	8	5	18	43	51	14	41	29	49	53	25	34	50	55	21	17	56	35	29	33	43	26	32	34	38	20	1	28	24	8	27	36	4	4	37	33	37	15	10	1	27	21	10	25	44	10	19	53	32	19	5	5	21	19	19	9	55	44	35	46	30	28	59	30	39	44	42	52	27	49	59	34	48	53	2	2	41	30	41	57	7	8	40	43	38	50	33	13	40	21	1	9	47	5	57	57	46	38	3	5	44	40	58	25	48	7	57	23	26	16	29	43	57	6	58	30	7	46	2	34	20	20	38	9	31	43	51	58	56	49	11	10	32	52	21	44	20	42	16	26	14	51	17	6	50	14	4	50	47	27	15	
28	46	58	24	16	11	53	52	16	19	40	3	51	50	17	33	37	40	28	10	41	48	21	32	53	56	48	27	56	19	39	47	55	31	27	46	41	7	32	36	37	38	45	13	40	31	45	38	48	31	8	15	14	57	38	27	33	1	7	20	41	9	5	39	57	51	37	2	50	22	15	17	29	1	10	28	25	30	37	49	2	43	12	19	31	25	55	31	41	4	34	31	42	17	3	50	4	45	4	45	7	2	34	29	46	41	39	31	10	55	41	38	37	58	48	41	53	35	49	42	18	54	17	20	28	31	10	30	46	9	34	30	24	13	22	47	15	36	9	3	31	22	58	22	20	36	1	5	18	11	10	15	59	14	1	55	21	44	57	21	42	3	29	57	22	54	26	51	40	16	30	2	41	60	39	
29	54	36	49	34	15	54	27	35	60	13	2	46	11	36	14	33	36	29	29	42	6	42	45	52	40	4	25	28	53	3	24	57	17	8	27	41	26	30	13	58	60	1	50	38	29	58	17	56	2	21	33	16	12	54	45	34	28	37	27	16	23	54	25	35	51	57	55	6	32	47	59	23	59	55	38	25	35	13	28	52	27	43	7	24	18	3	44	34	43	3	57	49	17	5	13	38	31	55	55	33	9	57	12	26	6	41	16	16	8	46	1	18	12	50	25	37	23	30	43	43	57	42	9	7	2	51	37	26	4	27	3	12	34	32	8	29	24	13	50	37	9	4	42	5	47	38	33	7	31	18	28	13	47	59	33	50	54	1	43	16	23	8	57	49	22	29	8	18	53	35	12	31	9	46	3	
38	16	59	39	1	20	38	57	28	5	55	53	1	21	41	55	60	59	57	31	60	5	1	47	14	39	18	3	16	10	3	56	11	30	16	29	13	13	19	49	7	57	38	43	60	54	44	40	45	14	23	5	12	51	17	30	21	33	40	57	19	53	24	20	20	42	52	54	32	16	9	39	7	4	10	8	8	26	47	12	18	51	30	53	59	7	29	52	4	13	6	12	27	2	53	27	29	5	37	38	36	41	43	4	14	45	18	43	8	8	6	22	44	27	21	4	47	38	37	60	36	31	4	58	47	21	46	33	31	38	7	3	57	29	50	43	30	9	3	16	12	16	29	15	54	25	5	40	40	55	9	14	36	51	42	27	4	46	39	4	41	1	52	47	25	43	12	20	26	26	3	47	13	26	5	33	60	
20	16	11	9	10	28	25	5	12	44	57	23	34	4	16	5	28	35	32	60	57	36	51	9	26	26	29	41	36	56	25	46	30	22	32	36	44	19	51	5	54	48	4	41	42	31	49	59	30	18	32	58	51	24	4	17	25	59	42	43	32	53	25	48	1	26	19	18	46	20	42	20	22	59	12	43	15	46	3	44	34	16	57	51	42	59	1	20	25	20	24	40	6	53	18	16	17	22	43	31	42	5	14	39	26	58	37	12	49	23	42	36	34	45	16	28	27	1	56	54	42	56	24	57	8	56	28	60	18	41	28	59	35	37	3	9	4	52	39	56	32	4	35	4	56	42	51	40	40	31	56	39	60	20	17	37	37	58	7	51	21	59	38	51	50	12	50	10	59	29	11	39	17	16	40	31	36	38	
9	13	45	6	19	3	52	23	29	20	8	9	53	34	32	4	29	3	24	6	10	2	19	55	41	22	5	44	45	9	50	57	59	55	41	7	60	33	42	6	31	54	5	43	29	26	29	27	27	33	38	10	51	20	35	26	35	37	29	38	41	14	9	31	9	43	54	10	2	32	53	39	58	3	7	4	33	44	19	16	6	14	25	25	37	17	4	10	10	15	24	25	45	54	25	55	36	45	3	55	1	26	16	59	28	9	17	43	49	60	9	43	36	22	48	1	36	24	1	29	45	26	12	35	37	11	9	53	47	5	44	59	51	10	31	49	19	18	19	56	30	51	3	49	16	47	11	16	6	25	46	30	52	48	17	32	38	7	58	50	30	44	53	9	10	17	46	49	3	9	25	23	43	24	17	28	59	3	38	
51	8	11	28	7	28	23	56	34	60	38	41	1	43	35	53	42	4	24	19	56	26	52	18	17	29	27	46	54	31	45	13	54	16	19	59	44	6	29	27	5	25	26	28	55	37	11	28	8	47	36	1	15	60	30	22	50	34	23	30	10	60	22	10	35	19	40	26	26	28	19	37	20	30	43	10	54	54	12	35	15	58	54	53	43	57	49	50	56	30	25	6	12	5	39	47	13	41	26	57	33	20	43	6	54	34	30	7	46	34	14	49	4	16	53	37	5	29	38	45	32	54	41	33	3	33	38	18	20	26	14	18	13	20	60	30	52	2	50	35	43	42	6	6	29	25	49	32	52	9	55	7	25	49	9	7	43	53	46	13	40	35	7	23	38	15	35	6	48	12	59	23	10	9	39	3	48	49	10	11	

#Weights:

5	15	15	22	4	30	18	20	9	24	19	2	9	22	22	21	24	10	12	11	21	22	26	4	26	18	24	10	21	30	9	26	30	18	13	7	20	8	16	10	25	1	5	24	26	17	11	2	21	24	25	16	27	20	12	1	24	28	21	5	18	2	15	26	2	29	16	16	21	6	19	15	4	30	29	18	1	3	16	20	27	28	5	22	22	14	27	24	25	24	14	16	19	13	10	9	1	4	15	29	1	27	10	26	9	1	13	20	26	25	21	20	9	15	29	6	27	23	19	25	29	11	18	23	14	4	28	30	13	6	22	9	16	6	2	22	6	17	27	12	17	20	19	14	1	12	14	25	6	11	17	29	10	13	4	24	24	14	10	10	3	11	2	25	13	8	6	18	13	10	2	8	2	20	17	7	12	19	13	1	
99 #capacity

26 #k: cardinality

