#E-kQKP Instance:2

70 #n: number of items

#Profits:
0	
0	0	
41	0	0	
29	0	0	0	
0	0	0	0	0	
0	0	0	0	0	0	
0	0	0	0	10	25	0	
0	4	0	0	0	0	0	6	
0	0	0	0	37	0	0	0	0	
0	0	0	0	0	57	0	0	6	0	
0	0	0	0	0	59	0	7	59	0	0	
0	0	0	0	0	0	0	46	0	2	60	0	
0	0	0	48	48	53	0	0	0	21	26	0	15	
0	0	0	0	26	0	55	42	0	0	0	0	0	0	
0	0	0	0	1	4	0	3	0	27	0	0	0	0	0	
40	0	0	51	0	0	0	0	0	0	0	0	0	0	0	0	
0	0	0	0	53	0	0	0	58	0	0	0	0	0	52	15	0	
0	0	0	0	0	22	0	0	0	37	0	0	53	0	13	0	0	1	
52	0	20	0	16	0	0	15	0	0	0	0	0	59	0	0	0	33	0	
0	0	0	0	0	48	15	0	0	49	50	0	23	0	0	0	0	39	0	34	
6	0	0	0	47	35	0	0	0	0	0	0	0	5	0	0	24	18	0	0	0	
0	9	0	0	23	0	0	0	0	0	0	0	0	0	0	51	0	0	59	0	0	0	
0	0	10	0	28	0	0	0	0	0	35	0	0	0	0	0	0	0	0	0	0	0	0	
0	0	0	0	0	0	56	13	0	6	37	31	0	0	0	44	0	0	0	28	0	0	0	0	
0	0	0	0	23	0	0	0	0	0	0	48	0	0	33	60	0	37	0	0	31	0	0	0	0	
57	0	0	26	0	0	36	0	24	41	0	22	54	0	0	0	0	19	0	4	0	0	0	0	17	0	
10	0	0	10	0	0	0	0	0	49	0	0	5	0	0	0	0	0	41	0	12	0	11	35	27	0	0	
11	10	0	0	0	1	41	50	0	0	0	41	0	0	0	0	26	0	38	0	57	0	0	4	0	38	0	0	
0	0	37	9	0	0	0	32	0	0	0	4	26	0	8	50	6	0	33	18	0	46	24	0	0	11	0	0	0	
0	0	0	0	0	0	0	11	40	0	20	0	0	0	53	0	0	0	0	58	0	9	0	0	25	0	15	41	0	0	
0	0	0	42	0	0	0	0	0	0	0	28	35	0	0	0	10	0	0	0	0	0	0	0	57	0	22	0	0	0	0	
0	0	19	0	39	0	43	0	0	9	47	0	0	0	0	0	19	0	0	0	0	16	0	0	14	48	0	0	0	0	0	0	
0	0	0	0	0	3	0	0	0	0	0	54	32	0	0	0	0	43	0	0	0	0	0	52	0	23	0	0	0	50	0	0	49	
0	41	1	41	57	0	42	0	0	0	0	0	39	50	0	0	0	0	0	9	24	0	10	0	0	18	0	0	52	9	0	10	21	0	
48	16	0	2	0	0	0	0	0	0	55	0	0	0	0	0	0	0	0	14	14	0	0	0	44	0	34	0	0	0	0	0	0	0	0	
0	0	0	25	12	0	7	0	0	15	35	17	31	0	0	0	0	4	0	0	50	0	0	0	0	0	0	0	45	0	0	0	0	0	0	0	
0	0	59	0	0	0	24	27	24	0	0	0	0	0	0	0	0	0	0	0	0	31	0	0	16	24	0	0	0	0	0	8	0	0	0	0	14	
0	0	0	0	0	0	0	0	0	0	45	44	0	0	0	0	0	0	0	14	0	0	0	0	0	0	31	0	24	0	0	0	0	31	0	0	59	0	
0	0	0	0	0	0	0	0	0	0	0	53	0	4	24	46	19	5	0	0	0	0	0	0	0	45	0	0	0	0	7	0	0	29	0	0	0	0	19	
0	0	0	22	0	0	32	5	0	0	25	0	0	0	0	38	20	0	45	0	0	12	0	0	11	0	48	0	0	0	19	0	40	0	0	0	0	0	60	27	
11	53	0	0	0	0	43	0	53	54	5	0	0	0	0	0	0	38	0	0	13	4	0	0	0	0	0	0	0	0	0	0	0	0	0	3	0	0	16	0	6	
0	0	0	0	0	0	0	0	0	0	0	8	0	3	0	0	0	0	0	58	0	0	0	0	0	0	0	0	0	0	0	0	0	0	6	23	0	0	0	0	0	42	
17	0	0	0	40	0	45	0	0	0	0	0	0	0	0	0	0	0	57	0	0	0	0	0	0	0	0	33	0	0	0	0	54	0	0	0	0	5	0	55	53	2	0	
0	0	0	0	0	0	0	0	0	0	0	0	11	0	0	37	14	0	0	40	0	0	0	25	0	3	0	33	0	0	7	44	0	50	0	0	0	0	0	0	0	0	0	0	
51	0	0	0	0	0	0	0	0	0	30	0	0	0	0	0	30	0	0	0	0	5	0	0	0	0	0	0	0	0	26	4	0	0	0	0	0	6	0	0	31	0	0	0	0	
0	0	0	0	0	0	0	0	0	0	0	0	0	0	0	0	0	0	0	45	0	0	43	3	0	0	0	0	0	30	13	0	0	0	0	0	0	0	0	0	0	0	0	0	59	1	
0	49	44	17	0	0	0	0	0	2	0	0	0	0	0	0	0	0	25	10	0	47	0	0	0	59	29	0	0	0	48	0	0	0	0	0	24	0	0	0	0	0	0	0	0	21	0	
0	0	0	0	38	0	0	0	0	23	0	0	24	0	0	31	0	0	0	0	50	0	0	0	2	0	0	0	0	0	13	21	0	0	0	37	0	0	25	0	0	0	0	28	27	0	0	0	
0	0	0	0	33	0	0	0	7	0	26	56	0	0	0	0	0	0	0	0	0	0	10	0	0	0	18	0	0	0	46	0	0	0	0	0	0	0	0	0	0	31	0	0	23	23	59	0	0	
0	0	0	0	0	0	0	8	0	7	0	0	30	0	0	0	0	42	0	2	51	23	0	0	0	49	53	0	50	0	0	0	0	0	0	53	0	0	32	0	0	0	0	0	0	0	0	0	0	0	
0	45	0	0	0	0	0	0	0	0	0	49	28	0	0	0	0	0	45	0	0	58	51	0	2	59	0	0	0	9	0	36	0	0	31	0	0	0	0	0	0	9	0	26	0	0	0	0	19	16	0	
0	32	0	0	0	0	0	0	11	0	0	0	0	39	27	0	0	22	0	0	0	0	0	0	0	0	6	0	17	0	0	0	16	0	33	0	0	0	53	48	0	0	58	0	0	0	42	0	0	0	0	0	
50	0	0	0	0	0	0	0	0	55	0	27	0	0	28	0	18	28	0	59	0	0	0	0	0	37	0	0	0	0	0	0	0	0	5	2	0	0	0	0	0	60	0	31	0	0	0	0	0	0	0	54	0	
0	18	0	41	0	44	0	0	0	51	44	0	22	18	40	0	0	9	0	0	0	0	0	0	0	0	21	33	12	0	50	0	0	0	0	0	57	0	0	0	0	0	0	0	0	18	0	0	0	0	0	0	0	0	
0	0	0	0	0	0	0	0	55	50	0	0	0	0	0	38	0	0	8	0	0	0	0	30	0	2	0	2	0	0	0	0	0	54	0	36	0	0	0	0	0	0	0	0	0	0	0	0	32	14	23	0	0	0	0	
0	0	0	0	0	0	0	0	0	0	0	0	0	0	0	0	39	0	0	0	0	0	0	45	0	0	0	0	56	37	0	0	32	0	0	0	0	0	0	17	7	0	0	0	28	59	0	46	0	41	0	0	0	0	0	0	
0	0	0	0	0	17	0	0	0	0	50	0	0	16	0	42	3	0	0	0	0	0	0	0	0	0	0	30	58	0	0	0	0	0	0	0	0	0	0	0	22	0	0	18	0	0	0	16	0	0	0	8	0	0	0	34	0	
0	0	0	0	0	0	57	0	0	14	29	0	0	53	0	0	12	32	60	6	0	0	0	0	0	0	0	0	0	0	0	0	0	0	0	8	0	0	35	0	0	0	32	0	0	0	0	0	0	0	0	0	0	0	0	25	0	0	
0	28	0	43	0	0	44	0	0	0	10	0	0	0	0	0	0	40	48	0	53	4	0	35	0	1	0	0	48	53	0	0	51	0	0	0	0	0	33	0	0	0	0	0	0	0	0	0	0	0	0	44	29	0	0	0	0	31	0	
0	22	0	0	3	0	0	14	22	0	0	23	0	0	37	0	0	34	17	45	45	0	19	0	35	15	16	0	0	43	18	25	0	40	0	0	0	0	0	0	0	0	0	0	0	0	0	0	4	51	0	0	23	49	0	0	0	44	13	60	
28	0	0	0	0	0	0	0	21	0	0	33	0	18	0	0	0	0	0	0	30	0	0	0	0	7	0	0	0	0	0	0	0	0	0	0	0	0	0	0	0	19	0	0	0	0	0	0	0	0	0	0	0	0	0	0	0	0	0	0	0	
0	0	57	0	0	0	0	0	0	52	0	0	0	0	0	0	13	0	0	51	17	24	0	0	0	0	0	0	0	27	0	0	0	0	0	0	0	0	0	4	0	18	29	0	0	53	0	0	0	0	17	0	0	0	0	5	0	0	0	0	0	0	
0	0	41	0	0	28	12	0	0	43	11	0	0	0	53	0	0	0	0	0	0	17	0	0	0	18	0	32	0	39	0	0	0	0	0	0	0	0	0	0	48	0	0	38	38	58	0	0	0	0	0	0	0	34	0	6	17	0	0	0	37	0	0	
5	48	0	0	0	57	0	0	0	0	0	0	41	0	41	0	0	0	0	45	0	0	0	0	35	0	18	0	0	0	7	0	0	0	0	57	0	14	8	0	0	0	0	25	7	0	0	42	0	0	0	0	33	0	0	0	0	44	29	0	0	0	0	0	
0	0	0	0	0	0	0	54	0	0	16	0	0	0	0	0	0	0	0	0	25	0	0	41	0	7	0	0	36	0	0	0	0	0	41	0	0	44	28	0	0	0	0	56	0	0	0	0	0	0	0	0	0	11	56	60	0	52	0	0	0	0	0	0	0	
0	9	0	0	0	0	53	0	0	0	0	0	0	26	0	47	0	26	0	6	0	38	0	0	0	0	5	59	0	45	0	0	0	0	0	0	0	0	0	0	0	0	0	0	0	29	0	15	0	0	0	59	0	0	0	0	0	5	0	0	0	0	15	60	0	51	
0	0	28	0	0	50	23	0	0	0	0	0	0	0	0	0	17	0	0	0	0	0	0	0	54	0	0	0	0	0	6	12	0	0	0	0	0	0	0	58	0	0	8	0	48	0	0	55	0	0	0	0	0	0	0	0	0	21	0	0	0	0	40	0	0	6	0	
0	0	52	0	0	0	24	36	47	0	0	0	0	0	0	0	59	0	0	0	0	0	0	25	15	0	0	0	0	0	56	0	0	0	0	0	7	8	0	0	0	0	0	0	0	36	0	0	0	0	53	0	0	0	0	8	0	58	0	0	15	1	44	0	0	0	0	0	
0	0	13	0	36	0	0	0	15	0	26	0	0	0	0	0	32	43	10	0	0	46	0	0	0	0	0	0	0	26	0	59	0	59	0	38	52	0	33	0	0	36	0	52	0	0	0	0	0	0	0	0	0	59	0	0	16	0	0	3	17	0	0	0	15	0	0	0	0	
0	0	0	0	23	33	40	0	0	2	0	0	18	0	55	24	0	0	0	0	0	0	0	0	57	0	0	0	41	0	0	0	0	0	50	0	0	59	16	0	0	0	0	31	0	0	0	45	43	0	0	0	0	0	0	0	0	32	3	30	0	0	0	0	0	0	0	0	0	41	

#Weights:

22	22	8	18	29	27	26	20	20	24	7	18	21	22	22	4	23	12	9	17	18	15	5	9	1	11	29	7	15	19	8	21	19	26	19	3	24	14	29	12	15	13	23	12	26	4	1	6	4	30	15	23	1	18	15	25	30	13	15	2	2	2	12	28	15	15	9	6	2	11	
99 #capacity

9 #k: cardinality

