#E-kQKP Instance:8

160 #n: number of items

#Profits:
55	
32	27	
56	40	15	
0	41	20	4	
40	0	0	18	57	
32	17	37	55	57	0	
1	8	19	35	39	21	9	
1	23	12	47	41	10	41	37	
11	0	15	0	15	8	22	11	34	
58	39	27	11	36	48	58	1	31	11	
0	51	60	0	0	23	20	0	0	55	49	
37	26	34	42	0	19	15	40	51	0	38	41	
0	35	39	23	33	38	27	5	16	33	7	15	0	
44	0	0	6	13	0	0	0	0	59	0	34	28	50	
0	29	43	47	23	0	3	0	0	14	46	29	7	11	24	
56	9	39	47	23	6	12	48	50	15	53	19	36	0	48	39	
43	5	58	52	12	46	8	0	6	0	2	21	6	27	0	10	18	
0	0	24	50	59	30	0	27	12	0	0	0	0	12	6	5	43	4	
16	0	43	0	53	0	37	32	46	0	0	52	40	54	0	16	52	8	7	
54	21	23	0	2	39	51	12	3	5	36	39	23	59	0	0	0	1	43	0	
36	49	28	0	0	3	53	0	38	0	17	0	0	24	12	30	37	25	18	55	15	
21	0	32	41	0	0	20	59	4	2	48	55	26	57	41	21	29	41	41	50	1	41	
39	1	14	0	1	24	36	10	0	41	60	2	0	7	24	3	34	0	10	43	49	15	19	
31	0	30	12	54	45	0	4	43	0	4	19	3	42	0	17	26	15	8	0	39	41	56	6	
0	32	0	0	3	0	0	54	21	2	23	28	31	2	48	28	10	3	0	24	7	15	47	57	0	
0	0	52	43	0	24	53	39	13	48	0	25	57	23	49	54	29	0	12	59	0	8	0	47	0	33	
3	0	24	15	0	8	13	0	0	45	54	32	60	59	53	0	56	0	28	3	0	0	46	46	0	26	36	
0	0	56	16	23	15	0	35	10	8	9	40	25	26	0	53	14	17	6	0	5	11	2	2	12	0	0	18	
49	21	28	23	14	12	12	15	18	0	33	47	16	0	38	32	30	47	0	0	5	21	46	28	37	32	0	0	43	
56	41	17	0	0	58	0	18	10	50	32	22	3	58	60	0	30	1	45	6	52	39	0	40	24	27	17	0	11	11	
20	0	0	0	25	8	0	0	23	56	6	25	57	0	48	0	44	6	28	36	14	40	0	40	31	46	8	58	20	20	8	
31	54	4	42	43	16	18	0	31	6	19	6	58	0	0	0	12	5	10	0	55	33	0	8	7	0	2	33	44	45	16	0	
7	4	19	12	9	25	9	55	0	27	13	0	4	21	13	7	16	20	12	57	7	6	49	0	46	0	46	22	0	6	25	18	30	
43	0	0	0	0	0	0	0	52	43	34	0	55	37	25	11	40	22	56	46	0	59	23	27	0	0	0	0	16	0	53	24	25	60	
9	11	48	33	46	25	6	0	0	0	15	39	54	56	3	1	0	0	49	40	20	17	0	18	57	42	0	13	19	7	59	0	5	0	43	
0	20	0	29	0	23	27	5	43	6	8	43	22	0	0	0	27	54	48	33	0	26	32	42	8	11	0	0	13	57	0	38	0	56	10	44	
35	34	10	0	40	59	44	36	23	23	60	51	1	0	0	56	49	4	14	30	56	16	0	18	17	21	17	59	0	24	0	59	0	37	56	36	41	
19	18	0	21	0	20	0	50	0	28	49	53	45	20	13	13	60	0	41	40	51	0	2	48	32	51	0	20	0	0	0	33	0	20	0	19	0	15	
32	13	40	44	44	0	29	30	23	44	33	4	57	7	0	0	0	0	32	46	33	3	0	21	3	28	20	6	11	1	42	49	9	34	56	6	36	50	49	
0	0	0	23	0	21	40	29	27	30	6	0	0	0	0	0	19	0	34	34	21	49	31	41	33	31	50	5	55	3	49	13	23	36	0	30	0	4	32	52	
0	30	10	0	26	28	35	22	46	41	0	16	0	9	12	14	50	40	27	24	48	40	19	27	54	9	39	9	23	0	24	55	53	0	9	53	0	0	42	26	7	
47	34	35	47	9	0	6	33	41	57	44	0	18	0	0	32	57	51	1	0	0	3	0	58	19	40	8	50	17	0	0	0	58	9	0	8	30	52	40	0	26	35	
59	30	42	23	0	60	56	33	37	0	24	34	46	44	50	0	39	21	0	35	13	5	0	22	5	53	34	48	0	50	0	42	14	37	0	3	5	0	2	0	40	26	0	
0	28	39	39	46	48	1	10	0	52	0	38	50	28	32	12	40	33	48	32	49	16	10	0	6	27	49	38	60	12	2	0	12	52	12	54	46	0	17	33	0	31	0	0	
0	0	55	0	0	59	17	0	0	8	0	10	57	20	1	0	5	59	40	24	51	59	0	0	50	4	35	19	4	45	49	0	28	56	0	45	38	7	17	33	49	60	47	24	3	
32	42	37	45	3	0	40	46	43	26	0	0	22	26	0	0	30	8	3	32	0	56	45	19	33	19	0	0	1	0	0	2	14	0	49	0	54	0	0	35	2	0	39	0	40	11	
44	9	41	0	42	39	22	0	55	25	0	2	43	59	13	59	12	48	3	28	8	31	19	14	0	2	0	4	40	25	15	9	55	2	0	0	30	0	0	16	44	9	24	0	39	35	23	
0	51	45	1	55	0	0	0	39	28	7	58	31	0	7	15	13	0	50	52	32	2	3	4	0	13	54	48	25	20	0	27	0	0	34	39	33	24	53	19	35	8	43	25	26	49	5	26	
10	0	15	0	54	1	33	3	56	53	36	0	32	34	20	40	0	15	0	55	43	0	25	6	11	47	0	3	0	20	13	5	7	26	12	57	42	39	41	25	37	3	22	0	15	57	30	23	0	
33	1	0	6	50	46	24	7	46	38	52	3	60	0	47	36	45	54	32	35	40	0	0	16	20	23	23	34	53	0	21	6	26	38	0	9	24	28	0	21	55	23	23	0	18	20	55	42	56	0	
21	15	14	16	0	0	6	50	44	44	1	43	0	0	51	56	32	42	0	0	51	0	52	37	45	46	46	2	37	3	47	3	8	0	27	56	0	41	0	1	37	17	21	58	34	50	53	13	0	37	30	
6	0	38	30	29	13	50	0	42	36	52	0	10	40	0	7	0	0	3	5	0	48	0	0	33	53	15	0	45	22	24	60	55	19	0	0	0	53	0	0	33	46	21	22	8	0	27	41	51	43	0	17	
33	35	52	29	26	0	0	13	31	0	2	6	54	3	6	13	49	1	2	9	19	46	0	31	0	47	20	2	0	52	45	0	19	7	19	51	35	6	7	44	0	39	31	0	43	0	42	2	33	35	53	33	53	
0	15	52	0	45	1	0	25	60	2	0	54	0	14	59	41	58	0	16	43	0	46	0	59	1	51	7	45	0	32	0	8	0	40	24	40	0	36	7	0	30	3	0	0	0	56	0	10	58	0	20	44	26	9	
47	0	26	2	36	19	0	53	56	15	14	29	51	25	0	42	0	23	0	1	0	60	0	16	0	32	10	47	20	54	37	51	0	49	11	45	55	36	0	32	16	21	0	58	4	1	16	13	0	23	13	37	0	46	17	
60	46	39	13	0	24	2	0	13	59	31	56	51	0	0	40	26	15	21	42	7	0	51	0	52	2	33	0	56	51	35	0	24	8	50	0	0	49	24	0	47	32	4	44	8	17	26	48	40	23	15	13	40	31	5	8	
0	47	0	44	0	49	42	14	41	32	0	0	56	0	2	0	17	54	48	0	24	53	0	21	2	0	24	0	20	3	4	10	20	13	57	36	52	58	0	7	0	30	45	21	53	0	51	56	15	0	0	0	21	15	25	5	59	
54	8	0	24	2	16	57	50	15	4	17	59	6	0	55	0	0	39	0	7	58	9	0	14	9	53	57	39	0	30	45	23	24	44	0	21	29	19	0	0	17	0	0	32	20	26	55	0	0	0	0	50	0	7	0	28	0	48	
18	0	42	52	0	28	51	38	40	0	19	28	34	0	54	22	18	9	1	1	18	0	43	59	13	35	2	0	52	0	31	42	12	8	13	21	16	0	17	32	6	31	0	44	60	38	8	18	0	0	0	25	26	58	22	42	26	6	0	
0	0	33	10	21	0	32	23	38	33	13	28	6	0	43	51	8	51	48	32	53	0	39	48	0	44	13	0	34	39	1	5	8	34	6	25	0	0	36	0	8	8	11	0	0	6	40	0	5	0	8	58	20	0	16	0	18	26	17	17	
5	26	55	0	48	49	52	0	43	7	19	39	30	46	22	9	41	28	37	31	45	52	9	10	0	58	0	30	36	10	0	0	60	31	48	0	41	41	0	54	0	15	33	25	35	0	38	47	5	30	0	0	17	4	0	18	0	35	9	0	60	
28	52	40	28	53	2	39	12	3	24	38	39	0	24	9	52	44	31	13	24	40	59	57	30	41	42	42	30	24	16	47	47	39	32	0	50	60	50	49	2	45	0	46	0	27	0	14	34	0	0	49	0	34	26	55	0	0	0	0	38	16	0	
0	5	37	53	56	6	0	18	29	25	21	16	39	0	26	3	0	0	55	37	32	54	0	0	59	27	53	56	57	32	0	36	14	36	46	25	47	49	0	32	49	42	0	4	14	12	13	55	52	0	27	16	9	34	0	21	0	50	1	0	58	2	35	
5	0	60	44	0	0	36	59	22	0	1	59	18	39	47	38	40	0	7	11	6	11	26	1	21	40	2	0	8	0	0	0	42	40	27	41	35	33	5	0	15	0	2	0	0	25	0	54	6	7	11	2	26	0	53	50	0	0	29	4	0	10	41	7	
36	0	15	52	0	20	28	8	45	50	51	0	0	19	36	38	32	35	27	0	47	0	0	60	0	49	45	41	58	0	24	39	11	0	18	0	31	42	5	20	50	24	0	0	0	9	60	30	15	19	0	0	22	57	26	19	0	0	0	0	49	52	39	49	25	
10	23	45	0	53	0	22	0	10	38	0	4	30	0	10	29	0	29	49	50	0	29	41	55	5	34	53	21	0	49	3	0	1	41	34	36	58	22	51	27	49	55	8	11	0	38	0	56	50	1	40	1	0	0	51	22	6	11	2	56	1	20	10	13	34	0	
52	8	2	56	20	0	11	33	40	53	3	1	39	52	0	12	0	16	6	23	33	0	0	8	25	56	25	57	16	34	28	0	59	7	48	49	23	0	24	44	0	43	45	52	28	53	3	41	21	7	50	0	15	10	0	5	37	20	60	33	35	39	30	46	50	9	50	
0	26	4	38	0	45	40	52	29	0	40	0	1	50	57	44	32	49	47	9	12	5	41	0	53	49	33	42	21	0	18	2	33	33	24	0	59	0	12	33	34	0	56	25	47	57	60	32	0	21	36	10	0	14	0	14	55	31	55	38	44	0	0	0	0	44	0	0	
60	58	38	0	27	43	56	2	26	0	19	0	15	11	19	0	48	4	20	31	60	20	27	0	59	60	40	0	58	48	59	2	0	0	20	37	0	56	10	15	0	0	54	51	0	50	11	40	44	60	26	0	0	0	22	21	36	21	50	37	0	0	39	17	44	43	5	54	23	
32	48	0	52	43	18	34	3	33	0	59	2	4	0	0	60	54	0	0	0	13	36	49	51	38	0	0	0	52	49	0	20	60	21	55	11	30	4	17	39	4	59	53	18	48	22	49	59	26	56	34	0	44	27	0	17	46	56	0	58	60	4	32	34	0	52	38	0	9	28	
12	46	46	0	7	28	16	3	41	35	4	15	44	13	57	49	0	39	24	0	51	0	38	0	0	0	17	5	2	0	10	0	7	54	25	23	0	17	53	0	60	48	0	27	0	0	23	47	31	32	17	18	9	3	17	0	0	52	30	0	28	0	57	0	0	36	57	16	0	30	57	
6	56	0	59	30	0	0	22	17	53	0	0	22	26	35	0	0	59	54	52	58	0	0	0	0	4	57	43	53	28	40	47	0	59	0	18	46	30	7	34	28	42	0	0	32	49	0	29	12	57	0	51	7	0	13	53	31	0	57	7	0	28	3	0	30	51	21	12	0	47	60	16	
25	36	0	0	0	0	18	33	0	25	15	39	53	59	20	59	8	40	58	0	10	47	56	24	39	23	27	15	5	44	0	50	32	45	43	14	55	0	0	6	52	16	24	17	49	0	47	4	29	1	30	5	26	48	20	32	27	15	6	58	55	31	59	0	0	32	47	59	0	8	60	59	19	
13	8	0	1	47	30	0	0	34	11	8	36	8	58	54	12	15	16	0	25	0	42	41	13	37	36	52	29	14	4	0	0	37	0	47	0	32	33	36	0	30	53	32	56	51	30	59	0	43	41	0	43	57	0	0	46	1	34	46	0	27	22	45	55	20	31	2	6	13	30	42	29	28	0	
27	0	0	21	21	28	45	10	49	53	37	0	2	0	57	46	10	0	51	56	0	40	60	5	0	43	19	33	8	29	35	20	0	19	0	21	0	0	0	0	42	0	0	53	24	32	0	46	46	34	0	51	0	28	45	0	11	19	0	50	28	0	6	15	8	0	1	0	54	0	36	58	41	59	28	
42	6	32	52	37	0	55	0	55	0	19	33	45	29	7	5	22	48	36	36	43	27	3	0	38	45	7	43	0	6	0	23	23	4	0	0	23	53	39	0	31	25	54	30	8	38	21	4	50	33	3	16	35	33	60	46	9	21	26	43	0	54	0	0	31	19	31	42	27	34	44	0	16	19	47	0	
0	0	0	32	36	0	42	0	35	50	22	0	42	0	0	0	16	37	0	0	37	16	14	0	58	15	0	0	0	26	31	16	42	8	42	0	0	49	5	20	16	43	0	34	24	48	0	17	2	53	6	15	9	33	0	25	0	45	55	52	19	22	2	0	60	21	35	10	32	60	44	49	0	21	52	0	43	
2	11	0	15	43	0	54	26	52	0	54	41	48	29	30	59	13	13	25	10	13	3	0	56	43	25	0	0	46	29	60	44	37	0	47	30	0	0	34	8	56	8	11	21	48	18	44	45	53	0	34	0	18	53	0	26	0	0	17	0	20	5	58	16	56	17	59	32	57	2	28	28	55	38	0	57	0	0	
0	48	3	16	0	34	0	0	0	11	0	40	0	20	49	30	0	1	60	53	0	38	57	11	58	36	60	41	0	0	45	30	25	56	8	53	0	11	0	16	22	38	38	0	27	22	0	32	52	56	37	0	17	24	0	14	27	0	8	20	0	1	39	24	11	28	54	20	48	49	45	48	9	42	0	36	18	12	23	
24	2	6	3	43	43	32	0	26	45	31	41	35	55	26	0	0	16	11	13	57	60	10	35	0	1	20	0	46	48	35	0	0	17	59	2	12	48	0	60	0	8	60	52	48	4	52	52	55	2	57	26	19	2	0	43	29	20	21	40	35	0	37	34	19	0	10	35	31	2	50	54	0	17	0	23	0	53	57	0	
47	23	8	8	39	49	53	26	0	41	2	9	58	58	21	0	27	0	34	48	0	38	42	54	24	0	29	14	32	0	0	0	13	31	53	20	25	22	0	0	11	44	15	30	28	0	40	44	4	44	26	0	10	16	9	0	22	34	0	25	58	49	48	54	23	49	0	0	0	0	35	8	31	18	0	0	55	11	0	50	35	
58	60	18	27	49	2	25	13	27	52	1	49	53	27	56	42	7	51	0	0	34	16	43	20	14	0	1	0	29	40	0	5	37	3	48	12	0	0	5	20	18	53	48	6	18	20	0	49	11	0	0	0	51	0	43	36	50	6	12	5	50	56	3	0	12	14	0	42	42	16	59	0	0	0	0	50	43	0	0	2	25	0	
0	35	49	0	0	17	45	38	4	0	0	0	20	57	42	42	54	6	45	17	0	0	41	27	0	9	0	0	0	46	5	35	16	50	55	20	7	25	59	8	31	16	30	0	48	0	23	8	12	0	58	7	41	41	0	25	0	51	10	13	43	32	0	0	33	30	39	23	0	5	30	0	44	60	24	35	50	0	22	0	34	33	0	
41	0	14	40	27	56	0	59	0	12	0	0	41	0	53	0	0	0	0	0	0	0	0	48	0	17	4	0	0	46	35	3	7	44	7	0	30	0	2	28	0	3	0	5	44	15	32	13	36	23	59	34	58	47	49	52	37	0	0	0	20	25	42	7	42	28	33	0	14	34	5	0	38	36	24	37	17	0	43	45	55	24	59	6	
35	58	51	3	25	29	0	20	18	21	0	13	43	19	0	31	60	0	0	7	53	0	0	12	52	39	42	58	12	0	22	0	8	8	54	48	37	50	0	12	14	5	23	9	20	16	0	0	32	14	16	18	13	0	0	0	48	0	48	0	0	43	8	52	3	0	3	0	40	37	23	57	24	39	0	54	0	0	27	51	0	44	37	0	45	
8	48	27	25	31	0	5	2	20	48	12	0	32	0	29	60	0	3	32	0	8	55	0	55	7	0	49	22	29	0	52	47	51	49	4	9	45	56	0	0	2	22	48	15	60	14	54	10	5	0	0	4	1	0	22	18	0	4	13	56	0	15	46	45	57	54	43	39	51	0	2	35	52	5	40	0	0	0	14	59	17	0	19	38	27	50	
40	40	36	34	31	0	0	0	59	47	0	21	5	39	18	0	0	47	15	0	30	13	54	49	26	52	0	0	0	32	55	50	0	0	30	59	12	52	8	0	28	0	14	17	36	43	59	3	0	0	53	36	44	26	8	15	50	0	35	0	47	60	12	4	32	30	58	45	20	29	0	21	0	56	0	12	33	19	25	36	54	0	43	0	2	5	60	
56	24	42	54	39	43	31	0	10	48	15	36	0	30	20	0	1	37	30	33	40	0	0	55	53	0	35	0	0	55	0	0	5	30	36	8	0	0	5	0	0	58	24	34	0	6	53	34	17	29	15	0	0	9	0	49	44	0	0	4	11	28	41	35	46	44	7	0	27	51	48	55	1	35	0	35	11	43	2	0	0	40	0	0	32	47	6	30	
50	0	19	0	1	0	5	0	27	33	0	0	27	0	32	57	58	15	42	12	54	2	5	34	0	37	6	0	59	2	27	32	9	47	25	30	0	0	48	31	0	11	16	56	0	35	18	39	29	58	12	6	28	32	8	0	9	0	11	0	0	19	4	0	0	23	0	7	22	46	0	0	27	47	19	47	14	0	0	0	18	7	7	21	41	42	26	11	7	
0	0	26	0	27	15	24	6	17	9	27	29	26	24	32	0	51	40	53	7	30	27	18	50	48	40	14	42	2	60	0	0	0	44	0	35	28	9	0	14	30	57	0	18	35	31	0	50	32	0	12	32	12	7	20	20	50	33	17	0	37	54	0	4	40	42	34	16	28	26	56	1	2	23	21	6	7	53	14	0	2	0	10	0	39	41	50	58	30	39	
22	53	41	15	43	0	0	0	34	34	52	47	0	19	28	54	2	0	53	57	38	23	40	55	38	0	46	0	39	22	49	44	22	40	0	11	14	55	0	21	0	14	8	48	14	0	25	0	18	0	8	32	0	23	39	3	38	14	0	41	0	46	7	15	27	17	14	0	48	0	22	21	60	0	0	12	26	0	3	1	36	26	13	4	56	48	38	0	26	0	0	
39	10	56	22	50	0	60	48	0	34	11	25	6	0	0	0	0	4	0	35	0	0	27	15	0	19	38	24	0	56	59	23	26	0	38	14	28	42	22	41	41	39	0	8	60	20	48	16	0	4	27	39	15	42	1	26	49	12	17	37	42	30	15	33	0	1	24	0	50	48	42	20	34	35	0	47	60	9	42	34	32	37	0	0	45	25	0	56	8	53	9	3	
45	28	43	0	50	58	33	0	0	0	22	60	14	17	47	4	38	0	0	58	44	58	22	3	0	58	13	6	0	30	42	0	57	5	57	0	0	34	60	8	32	14	0	54	26	7	48	48	37	5	21	56	32	46	0	28	42	31	30	3	0	36	12	46	6	25	26	38	41	0	0	37	8	0	0	29	41	19	29	36	23	15	23	28	3	48	15	0	29	60	22	49	28	
0	47	27	50	0	39	8	32	25	35	7	0	60	6	3	7	18	51	32	57	0	0	17	3	0	20	16	39	21	43	19	49	45	5	57	0	13	0	47	49	0	3	21	0	27	48	40	15	36	0	53	0	36	31	39	43	55	39	0	0	55	47	51	38	0	53	55	0	14	0	49	49	13	31	0	10	8	54	0	15	0	0	0	18	0	57	53	38	51	60	0	58	56	49	
41	0	49	29	23	28	0	0	0	16	52	49	14	0	37	0	15	17	0	16	28	0	0	51	39	49	15	43	48	16	33	0	23	53	35	38	0	60	0	6	0	41	43	0	0	0	32	1	53	56	24	38	0	16	0	53	32	21	41	15	0	60	54	33	27	3	35	16	52	34	57	45	28	0	38	12	0	35	20	0	33	0	13	0	0	18	0	0	6	5	0	55	41	0	46	
23	10	48	37	9	30	47	54	24	43	0	57	47	55	37	18	38	37	43	40	60	2	41	45	17	37	44	0	49	0	19	28	0	36	0	46	47	0	0	0	51	20	29	9	34	22	57	29	47	46	21	45	39	43	36	0	54	47	4	0	12	3	55	0	55	55	54	0	6	31	0	0	29	0	26	0	43	29	44	36	17	32	24	56	0	42	34	0	51	0	42	14	55	51	27	53	
18	51	0	10	30	0	0	38	0	0	24	8	7	0	8	0	0	15	25	0	0	0	18	22	0	49	55	28	41	0	0	60	35	0	0	22	0	0	0	20	0	7	15	24	0	15	30	11	18	26	52	0	13	17	38	15	13	49	0	0	46	31	57	0	0	0	38	0	44	0	9	52	4	35	0	19	6	2	40	0	0	0	5	26	0	21	0	0	0	0	23	26	6	0	39	14	0	
14	13	37	1	7	59	0	27	0	16	20	0	9	16	0	0	54	39	42	0	2	28	44	16	11	13	32	7	23	17	8	0	42	35	2	29	50	13	54	58	24	0	26	49	59	39	38	37	44	40	14	2	45	12	0	50	46	26	22	42	38	22	58	0	45	1	42	43	0	3	51	58	0	30	9	49	0	28	0	34	0	0	0	47	42	40	42	0	10	0	29	48	20	20	0	40	30	34	
51	7	0	48	9	58	0	2	34	51	49	58	54	52	18	11	28	2	3	4	3	14	36	8	41	0	0	29	42	0	57	32	59	0	0	31	34	16	25	0	36	49	18	34	43	49	23	42	28	26	2	60	0	28	30	9	38	55	0	28	13	0	32	44	2	0	27	10	27	10	57	18	0	0	11	7	27	54	0	47	30	10	11	0	60	24	16	0	4	3	23	42	29	10	53	18	51	19	0	
3	8	0	34	28	12	0	0	51	0	10	31	57	46	54	12	32	0	55	0	3	58	18	13	0	0	45	57	9	32	55	16	51	6	16	36	54	0	33	40	13	60	59	29	59	0	8	0	0	0	0	0	34	54	28	2	49	42	30	49	0	57	0	47	7	47	52	21	0	0	59	4	0	0	48	0	0	17	18	0	0	53	13	5	17	0	0	36	25	57	47	0	48	48	48	31	0	39	36	39	
59	0	29	23	14	26	0	35	60	0	0	5	11	5	57	0	0	0	15	26	17	0	48	19	44	6	6	4	5	27	0	48	36	0	0	0	16	2	60	0	6	59	40	43	0	34	56	33	31	0	21	0	14	0	0	0	34	0	30	37	35	49	31	46	6	10	0	43	58	3	53	9	5	10	32	46	0	18	59	50	32	60	32	32	14	0	33	5	29	32	59	14	0	24	28	47	0	50	18	22	0	
31	14	0	0	44	30	14	31	13	11	0	44	39	0	42	0	0	10	0	12	37	24	4	60	0	21	0	0	49	7	59	0	54	31	15	30	50	57	4	0	6	35	0	31	0	1	2	3	5	16	21	12	40	0	37	19	0	9	49	0	36	0	41	16	0	47	2	25	24	41	16	37	37	51	0	35	0	31	33	26	6	27	40	0	0	3	52	53	0	53	0	0	51	43	3	17	2	23	56	52	0	0	
42	0	52	17	38	0	31	16	7	47	28	0	58	0	0	42	0	0	21	29	53	36	1	2	58	0	3	24	36	50	6	59	3	7	10	46	26	26	0	53	40	0	22	43	54	0	0	30	40	18	53	0	36	31	32	0	35	34	0	0	22	45	40	37	9	0	0	44	0	38	57	37	0	35	26	22	22	7	29	0	10	58	29	0	27	16	36	1	17	0	41	0	46	40	56	0	0	36	40	46	0	44	57	
51	0	0	39	0	37	9	9	12	10	33	9	47	0	0	24	5	53	6	1	29	50	25	41	13	0	0	3	11	21	56	50	58	26	56	0	6	0	15	10	30	31	33	0	29	37	51	0	0	11	0	57	0	57	31	46	15	0	0	0	35	21	0	31	58	0	58	18	22	16	25	46	6	0	0	36	0	7	22	21	44	1	24	37	50	44	60	50	30	0	26	0	59	48	50	0	0	47	0	4	45	0	0	28	
59	59	48	14	0	0	18	52	7	28	26	38	59	30	21	54	8	46	11	27	60	19	12	36	59	0	4	0	54	18	2	8	0	0	42	0	3	48	21	6	0	25	4	0	39	27	18	54	33	11	10	54	29	0	12	43	0	14	55	11	13	0	8	49	50	41	43	52	35	33	25	5	21	46	23	38	0	27	15	0	38	0	1	10	0	30	47	1	0	58	11	51	0	11	10	56	0	9	51	31	50	28	53	0	50	
0	24	54	4	0	0	17	45	7	0	36	0	57	56	0	56	18	55	14	33	9	39	36	37	0	51	58	53	3	11	22	23	0	60	4	0	13	36	45	23	15	7	3	0	36	43	1	0	18	26	0	32	0	26	0	39	38	0	3	25	51	6	0	56	0	0	46	41	18	0	10	39	37	54	0	17	24	23	5	0	43	40	33	35	0	43	39	5	33	21	47	0	60	31	48	10	0	49	0	0	29	0	0	0	22	0	
26	16	17	1	38	48	33	43	5	0	0	37	0	58	39	50	0	7	7	7	36	33	0	34	32	2	24	15	38	27	0	52	0	47	16	11	0	35	21	29	52	0	25	20	0	0	4	33	43	0	25	20	28	0	59	26	50	13	33	60	27	0	36	0	40	0	11	0	17	0	51	7	46	0	33	0	51	25	53	0	48	45	0	0	35	12	12	5	21	1	25	0	17	0	25	56	23	34	0	0	33	33	0	15	35	0	15	
2	0	0	11	41	0	54	4	0	15	2	0	56	21	11	59	3	1	0	58	51	29	11	0	44	45	12	34	36	49	0	24	38	25	44	59	25	60	21	0	0	41	0	0	46	0	10	32	52	47	17	53	58	5	0	29	2	17	4	0	58	43	0	0	11	29	0	32	52	46	21	8	36	0	60	4	40	0	57	46	3	15	0	37	53	49	12	50	3	0	42	52	7	37	39	8	47	10	20	9	59	0	13	0	0	0	52	25	
60	0	46	1	52	33	0	36	0	0	27	29	8	46	29	50	46	21	0	24	14	22	0	34	47	19	39	58	0	13	59	0	0	43	44	1	58	36	43	0	40	21	6	18	0	56	44	11	0	47	26	50	53	59	41	38	49	50	56	59	0	45	0	0	0	0	45	55	14	0	25	0	58	46	8	0	55	49	0	18	6	40	30	18	60	0	46	45	49	10	3	4	38	0	51	17	9	38	37	0	25	6	0	59	0	3	43	15	44	
37	14	29	56	27	0	12	8	30	17	0	24	43	23	41	52	59	0	18	0	8	0	54	47	28	55	0	2	33	0	56	0	37	20	0	57	40	39	44	4	38	5	0	0	22	8	14	0	26	25	0	41	35	34	46	1	53	0	59	40	0	33	19	5	0	0	48	20	26	46	0	5	8	58	47	0	0	8	0	0	10	35	24	6	22	13	50	18	4	7	45	0	0	53	23	59	0	0	29	18	12	8	5	36	0	55	31	0	19	0	
0	20	38	0	0	57	0	0	14	60	0	5	24	12	37	56	0	45	2	52	28	25	55	33	37	12	57	30	0	4	1	0	21	0	52	17	0	0	12	57	16	41	1	38	0	32	6	0	41	19	14	38	53	55	44	13	21	7	55	0	44	50	14	0	27	6	2	0	53	41	20	3	8	9	50	10	38	24	21	19	9	11	0	46	6	4	50	59	9	47	10	0	59	0	0	58	40	55	0	26	34	47	50	2	0	41	0	0	0	28	28	
37	24	10	28	50	38	0	29	30	56	50	22	15	8	0	0	58	24	0	0	22	0	44	51	0	38	56	21	15	21	12	8	0	23	0	48	53	4	4	27	51	21	0	57	14	24	0	53	36	16	14	7	0	0	7	0	54	33	5	0	12	3	52	51	34	23	0	38	6	43	1	10	30	4	0	19	47	43	17	0	31	13	42	10	13	0	9	25	28	0	57	58	21	0	23	45	0	48	0	29	4	18	5	46	52	31	17	23	48	42	57	3	
54	35	36	42	29	34	6	43	0	20	38	0	36	46	12	0	58	5	0	0	44	15	23	34	60	30	13	26	56	9	47	1	1	60	0	0	22	43	14	6	46	0	28	60	35	41	28	10	8	7	8	28	44	57	0	22	57	1	50	0	58	17	7	41	24	22	9	30	3	2	0	4	55	59	46	19	2	53	50	34	29	48	50	49	3	0	57	0	45	49	0	21	8	40	0	50	48	6	20	5	0	34	41	0	42	45	22	0	21	47	51	49	58	
6	47	41	19	42	27	0	0	24	0	22	1	60	55	0	0	0	42	0	43	0	16	39	0	0	25	44	55	55	19	0	55	27	0	0	60	0	14	53	0	17	0	1	0	0	10	19	34	45	0	22	0	36	13	5	0	0	14	40	55	0	44	19	23	0	5	60	14	56	18	0	7	60	36	15	33	0	33	0	0	42	0	44	53	11	49	0	15	18	59	0	30	0	25	59	0	15	18	0	16	49	26	21	0	46	45	0	51	25	0	43	47	0	32	
49	0	4	11	29	59	18	45	48	0	55	0	15	29	15	46	16	0	0	0	22	31	52	0	43	54	24	52	13	7	0	0	26	16	20	39	0	1	0	22	40	45	8	9	34	20	56	14	27	48	20	33	0	14	31	9	0	2	53	60	54	0	56	16	53	46	12	57	0	29	54	39	19	58	45	0	24	0	34	6	49	59	0	33	10	10	10	9	51	39	60	19	38	4	0	9	41	55	0	45	51	0	33	31	60	10	0	0	60	0	58	8	12	56	55	
9	54	14	24	10	23	15	24	43	50	25	53	0	0	27	13	51	46	46	23	30	0	27	23	3	33	17	28	45	48	53	60	0	51	0	48	28	49	31	34	6	0	6	19	20	55	45	56	45	0	27	50	0	45	0	0	49	18	38	8	34	32	38	0	0	3	0	51	19	0	0	30	17	31	1	1	33	0	2	32	0	55	0	19	0	57	0	0	37	45	33	33	18	0	0	13	0	37	50	14	13	16	14	0	0	0	0	37	5	54	0	43	5	22	46	0	
15	1	10	52	58	33	0	18	13	8	0	39	41	19	59	11	0	51	0	0	50	0	8	32	11	26	40	30	51	19	22	0	0	29	18	16	40	19	35	14	37	36	24	45	24	0	17	48	9	15	40	27	2	48	3	0	1	0	4	55	23	38	48	49	0	42	10	1	13	4	13	46	59	34	47	8	22	0	15	14	0	0	22	49	24	0	14	0	45	0	0	44	0	3	28	7	0	5	0	59	26	1	0	25	20	10	9	0	28	27	0	38	58	55	0	31	36	
0	0	0	2	22	15	36	46	4	0	59	34	47	0	21	0	5	45	20	21	54	45	38	1	0	13	14	0	18	23	39	33	0	44	0	53	9	24	30	8	55	0	2	37	0	31	0	22	0	55	20	0	16	51	23	0	26	29	39	0	46	35	26	0	0	0	56	0	23	40	17	36	0	55	0	49	31	17	34	10	0	58	26	59	55	37	13	40	58	20	16	56	22	51	23	44	0	12	0	0	14	3	0	0	48	16	20	25	2	49	22	54	19	0	29	29	19	0	
0	1	0	15	0	29	3	0	21	0	0	8	0	60	16	50	27	22	6	40	0	0	26	36	50	26	0	24	0	0	41	10	0	0	58	59	38	4	0	13	0	16	0	51	0	7	30	21	4	52	0	48	43	14	0	0	45	41	0	36	15	55	57	59	23	0	30	60	51	35	0	0	37	7	18	0	55	0	13	48	0	0	0	3	0	38	48	39	4	58	21	0	0	30	0	52	0	11	32	25	0	0	14	52	47	7	18	10	1	0	31	47	14	0	0	1	16	42	51	
30	50	31	39	27	6	0	0	14	37	0	0	39	40	4	46	22	29	27	24	0	0	7	20	53	5	39	50	39	0	53	37	0	58	3	0	35	0	0	42	0	17	0	0	12	17	31	20	0	2	36	49	7	0	0	0	0	17	0	0	22	0	23	0	52	1	56	0	12	24	49	16	0	0	24	0	53	35	40	0	1	5	43	34	15	59	0	53	21	0	0	27	36	13	51	60	21	39	0	57	10	0	3	0	43	47	44	0	0	45	0	32	0	0	21	1	57	5	6	36	
34	42	0	0	23	0	23	1	35	0	0	45	1	25	2	39	3	40	7	24	10	37	34	2	0	14	1	0	20	0	7	38	36	29	49	16	0	20	47	0	18	0	38	18	17	3	0	0	31	0	0	0	17	6	36	4	0	58	17	58	5	55	52	49	19	0	0	0	8	3	29	0	34	27	0	0	44	5	44	43	36	55	42	37	11	0	17	14	37	50	28	29	0	0	0	28	41	0	0	0	24	45	12	26	0	33	21	57	10	21	26	55	30	0	0	10	0	42	60	0	36	
50	0	16	42	50	32	0	8	39	31	49	21	29	10	0	27	0	16	0	0	9	44	41	56	4	59	0	1	50	20	19	0	14	34	40	5	11	50	55	29	55	58	43	54	12	0	27	0	0	0	11	13	45	0	55	19	46	21	22	51	14	3	0	50	34	10	60	0	2	8	17	13	0	42	28	45	5	2	0	59	0	53	27	20	10	58	0	43	25	37	0	4	32	44	52	4	55	52	54	53	5	25	0	13	46	0	41	0	8	29	56	0	30	47	46	0	26	54	23	5	42	0	
27	41	0	13	57	41	36	9	0	29	0	33	57	0	6	42	53	0	49	35	47	23	36	0	41	32	0	58	11	52	43	54	0	47	31	53	27	28	0	3	28	57	44	57	33	44	47	0	0	41	32	36	47	4	40	46	0	41	44	12	35	50	42	41	49	0	40	0	56	12	0	6	48	0	40	42	60	0	0	49	13	52	20	57	0	7	16	57	40	0	6	0	0	0	19	0	4	0	23	0	0	7	14	42	55	10	20	58	46	35	50	0	40	60	0	0	0	6	15	35	38	0	33	
50	0	0	24	0	14	0	32	40	16	17	37	13	12	0	18	55	0	0	45	11	44	39	33	55	22	28	59	45	60	0	45	38	34	0	38	8	50	26	38	0	42	0	0	39	40	0	4	51	2	44	12	3	0	12	23	46	9	14	0	60	38	40	53	11	17	0	18	14	58	0	0	22	0	30	0	20	0	40	40	58	24	36	21	0	36	54	9	0	46	46	34	46	34	35	0	14	39	4	22	0	6	33	60	39	50	49	0	53	0	42	0	0	46	0	0	24	59	20	57	46	42	0	58	
2	6	46	0	34	1	58	58	49	50	48	28	57	0	22	57	50	23	17	60	46	26	1	25	51	40	51	13	16	27	43	47	3	0	34	14	59	18	27	0	16	0	8	4	41	0	28	56	26	0	13	0	16	15	0	0	39	30	42	28	10	37	28	15	6	0	16	41	0	37	0	0	59	25	54	9	5	0	0	11	0	38	20	30	32	29	15	0	0	31	0	28	11	7	3	54	0	15	13	45	32	41	41	60	30	10	21	10	0	2	34	12	0	60	47	3	42	0	0	30	34	38	0	16	21	
58	44	5	20	12	52	18	24	32	50	0	20	24	54	2	47	4	56	0	23	1	37	10	50	0	19	40	48	0	0	8	7	17	21	42	0	54	8	10	41	33	0	0	12	1	34	36	0	6	20	0	11	16	28	38	0	58	0	24	0	0	60	0	18	56	54	25	48	24	59	6	36	26	9	26	18	51	49	49	0	42	15	0	43	0	0	24	0	0	1	0	19	36	44	10	0	5	37	0	21	28	10	17	51	10	14	0	42	7	0	30	7	0	0	46	25	43	15	22	9	0	40	16	58	0	0	
0	6	55	0	33	2	0	0	51	6	24	13	7	14	2	0	0	7	0	31	14	27	10	1	10	14	10	43	5	58	28	40	18	23	0	3	52	4	0	38	7	57	55	0	37	24	0	40	10	39	11	0	17	20	28	0	17	53	0	55	0	47	0	43	36	60	0	0	0	9	38	45	0	52	14	45	46	0	53	0	0	47	0	0	46	53	20	45	10	32	30	0	57	0	0	11	32	12	39	14	26	30	14	14	39	0	49	25	10	24	0	60	30	10	20	59	29	35	43	57	30	1	29	1	56	41	41	
0	42	10	0	7	13	37	48	0	0	32	5	6	15	5	46	0	0	4	0	0	39	4	51	51	31	0	60	57	12	0	13	42	35	57	10	21	56	0	17	44	0	16	0	3	0	59	0	23	0	42	59	41	43	22	32	53	31	28	28	0	58	54	37	10	54	0	0	48	6	0	45	38	7	0	40	18	29	17	35	14	21	16	0	0	0	14	37	29	11	50	2	0	35	39	8	31	3	35	0	60	5	0	10	56	0	36	40	0	0	6	0	52	11	0	17	22	15	32	33	45	28	10	42	49	0	47	23	
50	0	47	16	16	60	25	0	7	47	49	17	24	54	0	53	14	18	11	22	49	27	4	0	34	29	17	0	19	23	4	17	23	32	23	0	24	0	7	19	0	36	24	52	0	3	26	59	56	10	31	10	15	1	50	51	38	54	0	45	28	17	4	35	38	43	0	45	0	42	12	41	26	6	50	16	0	5	16	0	7	55	55	0	42	52	0	0	0	43	37	26	43	0	0	18	7	56	0	29	0	24	46	0	60	12	15	45	13	0	55	58	36	0	0	33	22	37	18	52	0	58	37	1	5	10	0	0	0	
3	0	0	0	11	34	0	5	49	51	0	36	30	0	24	54	9	36	36	32	25	18	23	14	0	0	26	38	0	58	27	32	56	37	22	60	28	55	7	43	25	57	0	0	10	15	52	43	24	40	0	7	14	51	44	0	58	38	11	0	0	34	10	3	19	0	5	8	60	25	0	15	6	17	28	57	32	36	11	0	55	12	0	45	0	8	0	0	0	2	0	47	20	49	7	54	9	58	58	0	49	15	47	3	30	5	26	47	24	1	5	0	26	26	49	32	54	0	46	7	0	55	13	42	3	19	0	24	56	50	
35	18	0	23	0	13	43	0	32	0	45	14	52	57	12	15	0	47	4	10	18	51	1	41	0	4	44	16	8	3	0	0	40	0	19	60	34	36	60	0	0	0	51	52	45	31	56	0	58	60	33	47	0	54	47	0	0	0	27	0	30	26	22	57	3	0	60	0	0	13	39	53	15	0	0	38	16	40	0	54	28	27	24	0	48	3	0	50	32	55	0	14	55	0	5	0	53	0	0	0	23	57	0	24	0	25	46	0	24	2	57	11	50	42	5	4	23	23	15	0	0	28	7	7	48	54	15	47	32	40	60	
13	50	22	35	2	0	7	24	0	40	13	32	30	27	28	54	52	45	3	0	46	0	0	7	0	58	45	6	37	28	0	0	17	22	44	15	27	24	0	33	10	50	8	0	47	0	0	0	0	3	40	8	31	0	48	27	9	26	38	10	32	38	48	2	51	44	5	39	53	5	58	39	24	14	9	28	0	0	43	10	46	41	42	0	0	50	33	41	57	47	57	0	29	28	55	14	28	36	0	39	25	0	0	47	52	33	31	32	43	30	36	24	46	0	45	54	11	20	0	12	35	42	0	0	14	26	0	0	23	57	50	24	
3	43	35	45	0	17	5	51	39	57	0	41	0	1	0	39	20	0	0	0	25	60	29	23	0	0	38	23	46	8	59	44	16	50	18	15	16	0	29	18	17	23	28	60	34	35	10	44	35	16	43	43	18	26	41	0	31	0	0	53	39	4	5	26	38	49	20	0	0	4	29	45	0	0	11	0	28	0	0	31	2	16	56	0	0	0	50	0	40	2	7	0	15	49	51	0	5	2	32	39	0	15	20	7	0	20	29	33	26	53	44	0	43	1	42	39	40	50	0	34	23	39	35	45	1	49	20	0	13	52	25	31	0	
32	24	0	10	60	55	11	21	11	28	21	13	0	37	0	28	27	32	0	14	54	10	0	38	55	24	7	59	9	31	1	7	36	53	40	36	55	36	45	0	3	29	45	0	0	58	14	44	2	28	20	21	36	0	22	7	45	38	7	40	52	55	0	45	35	29	52	15	21	0	6	16	35	37	11	2	0	42	0	12	0	44	49	8	0	0	4	0	0	0	29	1	0	0	29	59	0	19	0	44	56	46	40	0	37	28	11	0	57	1	33	56	5	0	0	0	0	60	13	25	36	9	16	37	33	34	50	0	0	55	36	12	38	8	
40	0	11	9	0	57	7	56	28	56	46	31	50	0	24	0	8	46	38	26	34	51	8	36	45	24	38	0	15	0	30	6	35	13	0	39	0	4	33	23	7	43	52	32	10	51	50	0	0	38	0	5	18	28	39	45	0	44	1	10	0	22	36	0	39	46	0	0	50	27	22	56	8	0	35	0	11	52	0	0	32	27	0	13	0	10	51	34	55	14	8	0	16	0	19	0	0	59	21	26	20	11	0	0	36	9	46	0	0	32	13	19	35	10	18	34	6	17	35	43	0	35	0	34	38	43	0	38	20	29	0	4	0	49	50	
57	4	17	6	0	49	33	18	37	0	60	29	0	17	26	0	37	25	22	18	46	43	13	0	53	0	8	46	0	50	14	0	37	20	0	20	32	51	27	0	59	16	53	51	0	0	48	34	0	50	0	24	1	3	38	23	43	0	0	49	14	25	31	12	0	0	43	39	17	38	14	0	41	6	10	19	0	26	0	42	14	24	20	0	33	0	0	16	35	42	34	26	37	10	0	37	20	0	23	0	37	0	31	34	3	57	0	0	58	58	2	19	8	0	47	53	7	58	0	12	5	23	31	30	15	21	0	0	48	0	36	0	48	56	0	0	
0	0	54	11	0	0	44	0	17	33	48	53	0	45	0	33	31	11	0	47	59	39	28	15	23	45	23	43	60	32	0	56	0	11	33	0	60	0	0	0	59	56	0	54	0	0	10	7	37	52	10	23	24	35	5	0	59	17	27	58	7	17	22	0	35	0	0	56	10	0	0	22	0	0	4	0	39	27	0	38	50	0	11	39	47	58	0	0	21	22	50	38	14	0	6	40	0	51	58	34	60	22	47	19	33	31	27	0	38	36	49	19	0	0	0	0	37	24	19	47	7	0	0	37	56	23	0	57	13	0	0	20	44	26	38	0	18	
24	0	0	3	46	9	0	0	52	56	0	0	44	60	7	1	33	0	34	0	19	0	15	0	40	0	0	46	43	48	13	25	0	10	4	17	14	0	21	34	56	0	17	59	52	26	0	60	10	47	39	22	13	51	38	7	43	0	22	18	2	33	17	26	2	53	7	0	0	43	56	6	58	0	20	0	45	0	50	13	15	0	0	36	38	8	52	12	4	28	26	49	36	54	13	31	0	25	26	0	39	0	7	45	0	14	5	2	51	41	0	0	19	0	8	7	58	31	1	9	52	0	0	23	0	0	52	16	4	45	31	49	41	4	6	0	0	9	
17	60	32	33	35	0	2	15	20	53	46	17	0	47	52	0	9	0	0	46	0	30	11	16	20	0	27	0	31	59	0	0	3	0	0	32	6	58	0	46	58	12	50	25	0	0	24	42	0	0	25	7	11	0	33	22	9	29	33	55	0	40	0	0	26	0	27	32	22	0	0	0	0	0	9	56	49	0	32	0	18	9	42	0	0	48	5	0	0	5	9	38	0	13	5	0	13	7	26	17	0	18	8	5	0	0	0	29	0	0	55	0	23	41	37	14	0	19	0	0	0	4	38	48	0	3	19	49	31	40	0	6	50	48	44	29	0	0	21	
40	21	30	50	1	55	11	23	54	0	57	4	12	24	17	15	0	36	17	44	6	24	46	33	41	55	19	14	40	31	9	11	58	0	0	57	0	31	33	34	0	14	17	55	60	35	35	48	16	19	19	2	56	29	26	0	0	29	16	28	10	52	16	11	19	0	25	0	34	0	39	53	0	55	53	0	0	0	0	0	54	59	24	60	20	0	6	42	40	0	36	17	22	31	31	0	47	45	1	27	39	56	49	0	47	0	40	16	27	55	43	21	0	40	35	0	5	0	0	0	37	30	0	30	0	51	27	0	17	34	50	43	43	19	13	0	0	52	46	0	
0	4	6	0	12	12	6	20	25	0	31	0	7	9	47	9	23	50	15	20	17	0	43	43	3	47	5	57	0	58	11	4	31	57	0	26	0	0	34	52	54	29	0	0	13	42	0	58	51	52	4	20	14	49	0	15	7	27	0	44	43	56	58	56	53	6	35	36	20	12	54	0	59	12	45	5	15	17	22	15	11	0	0	5	0	51	36	58	2	10	56	0	0	42	7	0	0	14	0	52	1	0	42	0	44	60	1	0	0	22	0	32	40	23	47	51	1	0	26	32	49	17	21	41	38	0	22	27	21	53	30	18	25	51	20	51	52	6	23	53	38	
53	0	0	55	55	22	0	0	13	49	50	18	0	0	7	33	9	22	27	34	18	39	0	0	20	0	10	52	1	0	0	0	0	27	19	54	13	18	59	51	9	23	45	43	0	17	0	29	21	0	20	58	0	11	6	20	0	38	12	45	56	59	26	57	14	21	29	23	34	0	0	12	0	49	32	0	32	12	59	0	5	56	45	23	5	38	29	49	29	57	57	42	45	0	35	38	41	0	0	38	14	43	40	4	33	26	19	3	0	48	47	44	10	51	37	15	35	46	14	4	12	42	0	14	29	20	0	42	3	4	48	25	14	57	21	54	55	29	0	15	19	51	
5	0	0	0	9	53	0	0	47	16	0	8	55	0	47	57	4	11	16	6	19	55	32	40	35	19	21	40	55	41	0	21	0	23	32	31	18	0	0	17	7	35	14	59	28	15	27	56	15	0	13	0	0	12	28	29	41	10	59	0	23	7	35	44	26	48	5	44	7	0	0	34	0	12	47	19	41	0	33	0	27	19	31	25	33	21	15	29	0	0	50	26	0	49	50	8	0	34	29	7	59	60	54	20	43	0	22	57	0	37	59	0	41	36	44	41	4	24	0	12	0	54	44	0	15	48	0	0	16	42	55	59	16	44	18	21	7	36	0	51	0	10	49	
18	1	30	0	27	27	0	22	20	34	45	0	13	4	2	20	38	29	0	58	48	16	0	53	0	22	34	0	46	19	11	5	11	0	5	0	4	53	33	26	52	56	3	1	57	12	0	30	32	30	37	20	28	4	59	34	60	50	14	46	59	0	0	0	27	31	39	0	2	0	9	23	0	51	59	57	0	38	46	20	0	49	21	38	41	3	11	0	0	36	0	11	0	44	0	0	1	37	50	0	0	43	0	27	0	12	0	40	6	43	18	24	2	0	34	35	0	37	30	10	14	28	0	54	15	54	28	57	11	0	0	41	18	32	0	19	0	49	57	33	0	39	3	48	
13	0	53	0	18	0	10	4	0	31	34	6	0	37	0	43	25	15	7	55	12	43	0	0	9	37	0	5	19	5	37	7	57	34	14	18	37	41	25	0	13	49	4	0	52	24	53	11	17	6	0	13	21	0	4	47	40	47	0	0	25	0	56	7	26	12	47	0	0	9	19	36	8	13	6	29	46	24	0	23	40	4	46	36	0	45	33	39	35	55	42	36	0	36	19	42	42	16	0	0	46	0	26	53	45	0	48	56	0	17	47	33	32	22	36	0	54	36	0	38	10	58	0	40	55	42	32	16	36	27	15	34	30	0	5	31	0	46	0	13	0	29	40	0	0	
49	0	38	8	0	47	0	24	0	37	0	50	55	0	37	57	33	0	34	0	46	50	0	20	15	19	0	16	12	27	22	0	60	20	0	8	44	41	17	22	24	0	47	25	39	49	49	42	40	7	0	39	14	4	24	57	3	1	7	0	7	36	0	44	46	9	53	48	18	54	0	53	43	36	51	6	55	38	46	57	22	20	46	27	47	12	0	47	0	30	45	44	1	15	9	0	48	13	28	37	0	13	0	52	9	0	0	53	45	42	47	59	0	9	21	45	23	0	34	4	51	14	56	14	5	0	41	0	32	41	57	38	9	32	53	43	49	0	43	19	8	0	33	38	42	8	
5	31	0	13	0	28	2	27	0	0	37	1	26	36	0	18	37	14	31	0	56	20	33	52	0	0	3	46	46	24	12	0	54	19	3	8	21	0	0	55	43	16	26	27	26	0	0	18	43	4	56	18	0	19	0	39	20	0	6	0	0	2	39	52	56	26	44	0	39	52	10	0	0	55	51	57	0	48	0	0	51	0	16	34	5	41	0	51	24	4	20	0	37	60	29	0	44	0	43	48	0	9	52	0	0	29	31	49	26	28	0	0	21	9	0	55	48	25	36	38	29	0	27	19	55	0	0	10	46	7	35	57	0	14	29	50	15	0	0	49	52	56	30	0	0	5	0	
38	7	32	0	51	5	0	47	0	14	4	55	0	16	21	25	22	1	3	24	51	28	0	33	13	48	17	12	0	11	45	41	9	23	9	16	0	51	48	40	22	54	0	0	0	0	47	11	55	56	0	11	0	0	0	40	25	39	34	35	24	52	0	0	20	46	0	31	0	0	0	0	57	0	22	35	0	52	34	37	35	48	0	53	3	52	37	3	1	0	0	8	26	28	0	1	34	24	12	0	0	17	41	60	15	9	40	30	47	55	1	0	51	0	11	26	0	56	46	0	40	50	43	17	48	22	0	36	2	0	31	34	21	0	2	22	18	25	0	44	0	22	18	40	16	49	44	56	
42	13	47	51	18	25	34	38	6	11	54	32	55	0	25	0	25	42	42	5	0	0	16	23	47	0	21	40	24	23	0	14	0	28	50	18	18	55	0	43	0	34	0	0	52	49	0	1	55	8	6	51	6	57	1	52	0	45	58	0	10	36	23	0	4	37	0	48	14	49	60	0	26	52	0	38	0	25	2	39	44	0	15	0	40	58	41	0	0	33	20	25	36	0	0	10	42	8	0	29	22	26	23	54	50	58	18	0	0	35	38	18	28	50	56	0	4	7	7	0	0	0	40	0	2	0	30	28	24	0	19	32	0	14	10	24	0	3	39	35	52	42	12	22	40	1	51	0	9	
0	53	25	54	35	47	0	28	51	26	0	41	40	52	44	0	12	52	3	23	49	33	0	20	35	44	0	0	13	55	0	29	52	35	22	30	19	8	19	24	40	19	0	0	45	7	0	0	39	46	46	40	55	12	59	59	35	22	30	54	58	44	0	0	48	0	0	1	0	55	35	23	14	48	34	2	12	0	33	0	0	16	55	19	7	0	41	31	32	0	0	38	7	5	48	30	24	33	13	21	22	40	37	21	58	0	17	11	43	7	31	0	18	6	38	0	0	25	27	22	28	2	30	23	42	5	10	10	3	35	0	35	19	0	45	0	0	0	24	56	3	59	24	56	0	28	56	39	59	52	
0	3	0	44	12	0	0	0	23	30	5	56	11	0	0	39	0	46	5	0	0	0	24	33	12	27	0	0	38	0	0	0	21	45	0	0	2	19	29	41	20	24	40	51	11	50	7	0	16	23	16	52	42	0	60	11	0	28	10	0	48	13	30	10	43	57	19	0	0	0	35	5	43	5	46	33	52	57	0	0	5	0	47	0	58	27	4	0	49	16	43	20	17	31	0	60	56	0	58	3	18	29	41	41	38	0	7	13	31	46	9	42	43	48	26	22	7	0	19	30	23	54	51	42	22	8	0	0	49	0	17	42	41	4	12	17	15	38	16	31	0	0	34	7	49	11	54	22	0	0	35	
21	25	38	49	47	6	0	12	5	12	0	10	45	48	0	0	59	0	46	8	3	36	36	41	45	0	14	59	56	6	57	14	53	11	54	1	13	0	0	43	12	0	52	0	19	15	9	53	0	37	0	0	0	52	1	0	59	15	45	15	0	13	0	55	9	36	0	29	49	50	31	8	0	35	0	55	7	8	37	19	45	51	2	55	60	0	0	36	32	20	48	0	25	0	28	0	32	24	0	21	50	45	8	36	11	2	0	0	0	51	5	0	40	34	2	42	20	20	0	22	27	0	27	60	0	17	0	33	0	5	19	33	0	58	0	19	0	32	14	3	59	48	60	26	0	47	53	0	53	10	38	47	
33	59	0	26	0	53	55	45	51	6	0	26	12	0	0	48	31	40	35	0	59	21	13	41	10	0	0	0	19	55	30	14	6	0	1	8	7	4	53	36	46	0	0	0	0	51	13	34	0	0	51	5	0	0	49	24	0	7	0	8	32	18	29	0	0	0	47	16	50	56	53	31	0	20	41	0	8	35	0	51	4	51	0	58	0	17	42	1	15	0	53	0	0	0	56	0	0	0	5	54	50	17	0	0	47	0	39	38	0	0	0	6	0	13	0	0	2	54	41	24	37	0	38	42	0	28	13	25	45	39	22	27	0	39	23	40	47	33	0	59	32	39	39	12	54	60	0	57	10	0	6	57	5	
0	6	14	23	0	9	0	20	55	59	46	0	0	11	33	0	0	20	2	45	29	8	24	37	57	6	18	0	41	6	18	40	0	25	28	6	23	0	18	35	3	43	44	26	0	20	0	0	8	60	0	0	0	0	0	55	25	22	10	10	21	0	24	21	42	5	53	51	3	48	13	38	36	0	8	10	0	0	0	0	7	17	41	30	54	37	46	0	3	0	49	31	47	35	34	45	0	0	29	54	9	0	51	19	20	0	0	14	38	20	35	18	0	0	0	26	13	9	38	22	43	23	4	0	0	17	49	0	33	9	21	29	30	50	11	45	0	0	53	57	30	48	47	0	0	17	29	36	4	0	28	0	4	52	
39	0	0	3	31	51	18	38	0	0	16	24	42	19	20	0	56	0	0	59	0	35	38	0	0	0	36	49	8	24	13	30	50	49	24	2	59	3	22	0	36	0	0	42	0	28	44	53	49	0	44	10	18	48	51	15	0	0	18	53	55	48	0	32	56	0	58	43	13	53	2	4	11	0	54	0	11	13	13	58	35	24	31	36	43	46	0	0	0	29	23	0	59	0	21	47	0	15	44	17	0	27	28	6	49	14	21	0	0	59	32	29	24	31	57	0	22	55	1	42	2	34	0	1	0	37	31	48	10	12	10	24	32	28	14	35	48	46	45	22	5	26	0	33	41	14	0	50	44	56	0	39	0	35	55	
36	0	51	0	12	19	19	37	0	18	52	32	28	28	0	6	23	0	0	37	33	40	0	52	55	31	0	0	39	5	42	0	0	26	26	13	14	16	0	0	14	0	60	37	47	55	42	9	28	42	0	16	39	3	2	28	55	20	0	19	4	57	45	36	2	46	51	32	10	24	32	48	16	0	0	17	49	26	13	20	32	0	2	8	14	21	0	56	0	7	51	0	0	17	60	57	30	0	32	28	0	0	25	0	32	19	54	17	31	58	43	25	42	3	0	35	0	33	52	10	36	5	0	0	0	23	48	2	0	47	15	52	0	17	58	34	0	60	0	6	38	55	0	17	48	25	46	17	32	0	58	31	0	26	27	3	
0	0	0	54	47	0	31	2	8	0	46	17	35	52	1	29	38	32	10	40	0	0	25	2	55	0	9	7	53	0	23	57	41	40	27	51	0	0	18	17	16	24	46	10	0	11	53	38	33	0	46	0	0	0	29	59	0	43	60	27	38	42	56	37	40	0	0	19	25	56	14	41	3	0	51	56	30	18	55	33	15	23	0	1	58	0	0	58	0	21	0	12	28	55	56	9	28	17	0	38	52	37	39	47	0	4	25	45	52	42	0	0	53	32	0	0	0	2	16	55	39	53	43	0	3	34	1	17	10	0	0	11	0	55	44	0	28	0	23	1	14	56	0	7	40	47	48	29	0	60	24	0	0	3	0	45	0	
0	36	6	0	43	11	47	27	0	1	53	0	32	0	0	2	57	41	0	2	7	8	0	1	0	48	21	13	13	51	19	0	24	60	36	22	41	59	58	12	39	25	0	0	59	19	0	37	25	45	0	31	29	8	24	0	57	0	24	0	9	32	40	29	59	0	35	58	0	59	0	47	0	36	25	57	16	39	21	35	21	10	28	15	0	44	10	0	45	17	54	13	5	10	56	0	45	0	7	26	40	6	11	34	0	6	41	1	43	6	0	55	14	27	40	9	0	25	0	0	55	16	13	0	30	40	0	7	26	51	0	29	54	0	37	0	0	1	0	41	51	0	0	0	0	8	0	12	0	38	7	0	0	10	0	0	2	0	
39	29	13	42	0	0	0	31	39	48	57	0	49	9	0	33	14	41	0	0	51	45	15	46	0	0	57	55	42	47	15	60	0	39	41	0	23	53	13	28	37	42	24	0	0	40	45	3	24	0	8	24	27	25	0	0	57	14	60	19	44	0	0	0	30	53	33	32	0	17	34	5	31	41	17	46	0	0	0	24	36	52	0	52	26	50	9	0	38	0	30	39	41	23	0	0	0	38	3	52	9	6	0	0	43	56	57	0	5	52	0	28	5	0	0	22	60	37	4	58	51	56	24	40	60	0	55	0	0	17	28	0	2	46	34	47	0	42	1	39	22	14	15	47	14	34	12	0	37	28	41	0	0	0	0	40	55	13	15	
52	0	0	47	43	51	13	2	20	0	10	10	37	20	18	10	29	0	23	0	11	0	4	56	5	0	0	15	32	28	3	26	55	1	50	0	37	53	58	27	43	34	41	20	20	0	44	0	13	1	0	3	52	36	22	20	50	0	55	10	0	45	35	0	0	0	0	24	57	26	43	12	0	17	4	14	28	26	0	21	0	0	9	44	0	0	32	2	23	6	60	36	9	50	22	0	18	46	0	28	5	14	49	34	41	28	0	0	29	57	13	44	43	13	9	0	56	37	47	39	0	6	57	13	58	22	54	51	14	50	42	48	38	0	0	20	0	30	0	0	22	16	19	0	33	42	11	0	53	33	5	19	2	0	27	8	20	40	53	9	

#Weights:

3	28	23	17	24	4	10	9	21	4	8	4	9	22	7	9	20	23	3	30	6	10	11	14	9	16	10	30	28	20	24	8	17	24	26	28	6	29	2	1	3	23	18	5	8	22	13	14	2	21	14	28	21	6	11	5	23	2	28	8	27	22	12	30	9	1	7	3	2	10	28	26	18	23	1	21	6	25	1	10	7	14	6	4	22	18	21	21	19	17	4	18	16	26	21	26	5	19	26	21	13	3	11	25	28	27	24	17	25	4	9	5	26	24	9	22	18	7	3	5	17	29	26	18	15	19	21	22	4	29	24	25	26	27	19	2	2	17	9	6	30	26	26	27	13	22	9	14	28	3	3	21	3	11	30	22	6	5	2	23	
99 #capacity

27 #k: cardinality

