#E-kQKP Instance:3

80 #n: number of items

#Profits:
0	
0	20	
0	26	0	
0	0	0	0	
0	0	0	0	0	
51	0	0	0	0	0	
0	27	53	10	48	0	0	
52	0	15	0	0	0	0	0	
0	27	0	46	16	0	0	0	1	
16	0	0	0	0	0	0	0	0	0	
0	0	0	0	0	0	0	0	0	0	0	
10	49	0	0	0	0	0	0	0	31	0	0	
17	0	35	0	52	0	0	0	0	0	0	0	0	
0	0	0	0	0	0	51	27	0	0	0	10	51	57	
18	0	0	44	0	0	0	0	0	0	0	0	0	0	0	
0	0	23	0	58	0	0	0	0	0	33	0	0	50	0	0	
0	0	0	0	41	0	56	21	0	16	0	47	0	0	0	0	0	
11	0	0	0	32	0	44	0	0	0	0	0	0	0	0	23	0	0	
0	47	0	57	0	0	0	0	0	7	0	0	48	0	0	0	0	0	0	
0	0	0	0	0	0	0	19	0	0	0	0	0	0	0	0	0	0	0	8	
0	0	0	0	0	0	0	43	0	0	0	31	0	31	0	0	0	0	0	0	0	
0	0	0	0	27	0	0	0	0	0	0	0	0	51	0	0	0	0	0	0	0	0	
0	0	0	0	30	32	22	0	0	0	0	0	0	0	0	0	0	0	38	0	0	0	0	
0	0	44	0	0	0	0	0	0	0	57	37	0	0	0	25	0	0	0	0	0	31	0	22	
0	0	0	0	0	0	0	0	0	0	0	0	0	0	0	0	0	14	0	0	0	0	0	0	4	
0	25	0	0	42	0	0	0	0	0	0	0	0	0	0	0	0	0	45	0	0	20	0	0	0	0	
0	0	0	0	0	32	60	0	0	0	0	0	0	28	44	0	0	0	0	0	0	32	0	56	38	0	48	
0	35	0	3	0	0	0	0	47	0	34	0	50	0	58	33	0	0	0	0	0	11	0	0	0	0	27	53	
0	11	0	0	0	14	0	0	0	0	0	40	31	11	0	0	4	0	46	0	0	0	19	35	0	0	0	0	16	
0	40	0	0	25	0	0	57	15	0	0	0	0	0	0	47	0	18	0	0	0	0	28	0	0	7	0	8	0	0	
0	0	0	45	56	0	0	0	0	0	0	0	30	0	0	14	0	0	19	0	0	0	0	0	0	0	0	48	0	0	0	
0	0	49	13	0	0	0	0	0	0	0	0	0	0	0	0	0	0	0	40	19	0	0	0	46	0	0	0	0	0	24	0	
0	0	0	45	0	0	22	0	0	0	0	17	0	35	45	0	49	24	0	0	0	0	0	0	0	50	30	0	39	58	0	0	0	
18	0	0	0	0	0	53	17	0	0	31	15	0	0	31	0	0	0	0	0	15	0	0	20	47	0	26	0	0	0	0	0	0	0	
0	0	25	46	0	0	0	0	0	0	0	0	0	0	26	0	0	0	0	0	30	48	0	0	0	51	0	0	0	16	57	0	0	0	0	
0	0	0	6	43	54	0	0	0	0	0	0	11	0	0	0	0	0	0	3	0	8	0	4	0	51	0	16	12	0	0	0	0	0	0	56	
43	0	0	14	0	0	15	0	0	31	12	0	0	0	0	0	0	0	25	0	55	0	0	0	0	0	0	0	0	0	0	52	0	0	0	0	0	
0	0	60	46	27	43	0	0	0	7	0	17	0	0	0	0	0	59	0	0	55	0	0	0	0	7	15	0	0	0	0	57	0	41	0	0	0	0	
0	0	0	0	47	0	0	0	0	0	0	0	0	19	39	0	0	0	0	0	0	0	47	0	0	0	0	0	29	0	0	26	0	0	0	0	0	0	0	
0	56	0	0	39	0	7	0	0	0	0	0	0	0	0	0	0	0	0	24	0	0	0	0	0	0	0	24	0	0	0	0	0	0	0	0	8	0	0	38	
0	0	0	0	0	0	0	0	0	0	34	46	0	0	0	0	0	0	0	0	0	0	36	0	0	0	0	0	0	0	0	0	35	0	0	33	0	0	0	0	0	
0	0	47	0	0	0	56	48	0	23	0	0	0	0	0	0	0	0	0	0	0	0	0	50	0	0	0	0	0	0	18	0	0	0	0	0	0	54	0	9	27	0	
52	41	0	0	0	0	0	0	0	6	0	0	0	36	32	0	0	0	0	42	0	0	0	0	0	0	0	0	0	0	0	21	0	0	59	0	0	18	0	11	0	0	0	
0	0	0	0	0	0	0	0	0	27	0	19	8	0	0	0	0	21	0	0	0	29	34	6	0	31	60	0	0	0	0	0	0	0	0	30	0	0	0	15	52	8	40	0	
45	0	0	0	49	0	38	0	0	13	14	0	0	0	0	0	0	0	0	52	58	0	0	0	32	0	0	0	0	0	0	0	0	0	0	0	39	55	0	0	0	29	0	0	0	
0	0	0	0	0	35	0	0	59	0	48	53	0	0	0	0	0	57	0	0	53	0	45	0	0	0	0	20	0	0	0	0	17	0	0	50	0	0	50	0	0	0	0	0	7	0	
0	0	0	0	0	0	0	48	5	0	0	0	0	0	42	4	37	0	0	0	10	0	9	52	0	0	0	0	12	0	0	0	0	47	45	16	0	0	0	0	0	0	0	0	19	0	0	
0	0	0	0	0	0	0	43	30	0	0	0	31	47	0	0	35	0	0	31	0	0	0	52	0	7	14	0	0	0	0	0	30	0	0	0	0	25	0	0	0	14	36	22	0	0	0	0	
0	0	0	0	0	5	58	0	0	0	0	0	6	0	12	0	57	0	19	56	0	0	33	0	0	0	6	0	0	0	0	9	5	0	0	31	24	56	0	44	0	0	0	0	34	0	0	57	0	
0	0	0	0	0	0	0	12	0	0	0	13	0	0	59	14	21	0	0	0	0	15	0	7	0	0	0	0	0	30	0	0	0	16	0	12	0	0	0	0	0	0	0	33	0	0	0	0	0	0	
0	0	0	7	0	0	0	0	50	0	11	0	43	37	0	12	0	0	0	0	0	0	0	0	0	45	0	0	0	0	0	0	0	0	0	46	0	0	3	33	0	0	0	27	0	0	0	0	0	0	0	
58	0	0	0	36	0	0	23	46	0	19	0	50	0	53	59	58	57	0	0	42	54	0	0	0	0	0	0	0	0	0	7	0	0	30	0	0	0	0	0	0	0	0	0	55	0	0	0	46	20	0	0	
0	42	0	22	0	0	48	0	0	0	0	58	0	0	0	27	54	0	0	0	0	28	0	46	0	0	0	58	0	0	0	53	56	35	0	3	0	20	0	0	16	0	0	0	5	0	0	0	0	0	16	40	0	
0	35	0	0	0	0	0	0	37	0	0	59	0	0	0	0	0	5	0	52	0	0	0	0	0	0	0	0	0	46	0	0	0	0	0	0	0	35	26	28	0	0	0	2	0	39	55	0	0	0	0	0	0	0	
0	0	0	8	0	11	0	1	0	0	22	0	0	0	0	0	0	2	0	0	0	0	0	0	0	0	0	0	0	0	0	49	0	0	0	0	0	53	0	0	0	0	0	0	0	0	28	0	0	0	0	0	0	16	0	
54	0	7	53	3	0	0	47	0	0	48	0	0	0	0	40	0	0	0	32	0	41	0	0	59	0	0	0	0	0	17	0	0	9	34	0	0	0	0	0	0	31	0	0	0	0	50	0	24	0	0	0	0	0	7	57	
25	7	0	0	0	0	38	2	46	30	42	12	0	0	0	0	0	12	11	0	0	0	0	0	55	0	0	0	0	0	0	0	25	0	0	0	0	0	0	0	0	0	0	0	55	57	15	0	0	0	0	0	0	0	0	0	0	
0	8	0	0	0	0	0	0	10	0	0	23	0	2	0	0	0	0	0	13	25	0	0	0	0	0	0	0	0	0	0	0	0	52	44	42	0	7	39	0	10	0	0	37	27	0	55	0	0	0	0	0	0	0	0	0	0	0	
0	0	4	0	0	40	0	0	0	60	0	0	0	11	0	0	32	0	0	0	0	19	0	0	0	0	44	0	0	0	0	0	0	0	0	0	0	0	0	0	0	0	21	8	0	0	0	0	0	0	18	0	0	0	3	0	0	29	0	
0	0	0	0	0	0	0	30	0	0	0	0	57	21	0	43	0	0	0	33	0	0	0	0	2	56	0	0	0	0	31	0	0	0	0	27	0	54	0	0	0	0	0	0	15	13	0	0	0	51	0	0	0	0	0	0	0	30	0	21	
0	0	0	12	19	0	0	0	0	16	0	38	0	41	0	0	0	31	0	0	0	0	0	23	49	0	0	0	0	0	0	0	0	0	0	0	0	0	0	0	36	0	0	0	0	10	0	0	0	0	0	0	0	30	39	0	17	0	0	30	0	
0	0	0	37	0	26	0	0	0	0	0	17	0	0	0	0	0	0	51	0	33	20	0	26	5	0	0	0	0	28	0	0	0	0	0	0	47	0	0	0	0	57	0	0	0	0	41	0	60	0	53	0	17	0	0	0	5	0	0	0	0	0	
47	0	0	0	0	21	0	0	0	0	4	0	0	39	0	1	0	57	0	12	0	7	0	0	21	0	0	0	0	0	0	0	0	0	0	0	11	14	0	0	0	12	0	0	0	0	0	0	0	40	0	0	59	0	0	23	0	0	0	27	15	0	46	
0	0	0	45	26	0	0	0	0	0	0	0	0	0	0	22	0	0	17	0	0	0	34	0	0	0	0	0	14	0	0	0	0	24	19	21	0	0	0	6	0	20	0	0	36	33	22	46	0	0	0	0	0	0	0	0	0	0	0	0	0	12	0	29	
32	0	0	0	0	45	0	0	0	11	0	55	0	0	0	0	0	0	0	0	0	0	0	19	0	0	53	15	30	0	0	0	0	0	55	0	0	0	0	0	0	0	0	11	0	0	0	0	0	0	0	0	0	0	56	0	0	0	0	0	0	0	14	8	22	
0	0	28	0	17	0	53	0	56	18	1	3	0	44	0	0	0	0	25	0	0	0	47	0	0	0	0	0	49	0	0	0	0	0	0	0	39	0	0	23	0	0	0	0	35	1	0	0	10	0	0	0	0	0	0	0	0	0	50	0	0	0	0	0	0	0	
0	7	0	0	0	0	56	5	0	0	0	10	14	0	23	50	0	0	0	29	0	0	0	0	0	0	0	0	0	9	0	0	0	0	0	47	0	0	33	23	56	0	0	0	0	0	0	0	0	0	0	0	0	39	0	0	0	6	0	0	0	0	25	28	15	3	0	
0	0	0	4	0	0	0	0	0	35	45	0	0	0	0	0	0	0	0	44	0	0	19	0	0	0	0	11	0	0	50	0	0	0	0	0	0	0	9	20	0	0	0	0	0	14	21	0	0	59	0	12	0	0	0	0	0	0	0	0	0	45	0	21	60	0	0	19	
0	56	13	0	0	4	0	0	0	3	0	0	0	0	0	0	0	24	0	49	0	0	0	56	0	0	0	0	59	0	0	0	0	44	0	60	0	0	0	0	59	0	0	0	0	6	0	41	0	25	0	0	0	0	0	0	0	14	0	39	15	0	0	0	28	39	0	0	0	
0	0	47	0	0	18	0	0	0	0	0	0	0	41	0	0	0	0	0	0	0	44	0	0	0	0	0	0	0	53	0	0	0	27	28	0	20	11	0	0	0	60	0	0	20	0	0	0	0	21	0	0	0	0	9	0	38	0	0	0	0	0	0	0	8	0	0	0	16	0	
0	13	0	0	0	34	0	7	0	0	20	0	0	0	0	8	0	49	4	24	0	31	1	0	0	0	0	0	0	0	0	0	0	0	25	0	0	0	0	60	0	0	0	0	0	10	59	0	36	0	0	0	32	0	0	0	0	0	0	26	30	0	0	0	0	0	21	0	0	0	0	
0	0	0	0	0	0	0	0	10	0	0	0	16	0	35	0	0	0	22	0	0	0	54	0	54	0	11	0	4	0	0	60	0	0	0	0	14	0	0	0	26	0	44	0	0	6	43	0	0	0	18	0	0	0	0	54	0	54	51	0	0	0	39	0	51	0	0	0	13	0	50	0	
38	0	0	0	0	1	24	0	26	1	13	0	43	0	40	0	36	0	0	0	0	10	0	0	60	0	0	0	0	13	0	2	0	0	0	0	0	22	0	0	34	0	0	40	0	59	0	50	32	0	48	0	0	0	0	0	0	0	0	0	0	0	40	31	0	0	0	0	0	7	0	52	8	
0	0	0	0	0	0	0	54	0	42	0	0	1	8	0	0	0	0	0	0	0	0	0	0	0	0	0	2	0	0	0	0	0	0	0	0	0	0	31	0	10	0	0	44	13	0	59	0	60	0	48	0	60	0	0	0	27	0	0	0	0	0	0	0	0	52	0	18	0	0	0	0	0	0	
36	0	0	51	0	0	0	13	20	22	0	0	18	0	0	15	0	0	0	0	0	37	0	49	0	48	0	0	0	0	0	0	0	0	11	0	18	0	0	0	58	0	0	42	0	0	0	0	0	0	0	5	0	0	6	0	0	0	0	44	28	3	10	0	0	29	33	0	29	48	0	0	0	0	0	
0	12	0	0	53	0	0	0	0	0	15	0	0	0	1	0	60	0	0	0	0	0	0	0	0	14	0	0	18	0	0	0	0	0	0	0	35	0	0	0	9	11	0	0	0	0	0	0	0	0	0	0	37	58	0	0	0	42	0	29	21	58	0	38	5	0	0	0	0	57	13	11	0	0	5	0	
0	2	1	4	29	0	11	0	0	0	0	14	0	45	29	44	0	5	5	41	20	0	0	0	0	0	0	0	0	0	0	1	0	0	39	38	0	0	0	50	0	54	0	0	0	0	21	0	0	0	0	0	0	0	0	0	0	1	0	1	0	0	0	0	0	0	0	0	0	0	47	0	0	0	0	0	0	
0	0	0	0	0	18	11	0	0	0	0	0	0	46	0	0	0	2	50	1	2	0	28	0	25	0	0	0	0	0	0	0	0	0	0	0	0	0	0	0	0	0	0	1	0	0	40	0	0	0	0	0	0	0	0	13	0	0	36	40	0	0	0	0	0	35	5	0	33	39	0	0	12	0	0	0	0	0	
60	0	0	59	0	19	0	0	28	0	0	0	0	0	41	0	0	53	0	0	0	0	0	0	0	0	0	26	0	0	0	0	0	26	0	28	0	0	0	45	0	9	0	0	0	0	0	0	0	3	0	0	0	0	0	0	22	0	0	29	0	0	0	0	0	0	0	0	0	31	0	37	0	0	0	22	0	0	0	
0	0	0	0	0	0	0	0	7	32	0	0	0	0	0	0	0	41	0	0	0	0	53	0	12	0	0	0	0	0	7	0	0	0	0	0	0	0	0	57	0	0	0	0	0	0	60	0	32	58	0	0	0	0	16	0	0	0	0	0	12	0	0	49	0	0	0	0	60	0	0	0	0	0	7	60	0	0	0	0	

#Weights:

22	18	4	9	29	10	6	3	6	20	30	30	19	30	14	6	1	29	12	17	30	21	6	12	20	26	26	20	17	21	5	24	23	18	13	11	19	4	16	4	6	28	28	9	9	11	13	27	5	1	30	13	30	24	15	9	1	3	7	29	21	18	29	6	14	10	27	1	26	3	5	17	10	1	4	15	7	7	24	20	
99 #capacity

5 #k: cardinality

